label|malle_b|malle_turkelli_b|malle_wang_b|malle_b_status|malle_b_prp|malle_turkelli_b_prp|malle_wang_b_prp|malle_b_status_prp
text|smallint|smallint|smallint|smallint|smallint|smallint|smallint|smallint

18T1|1|1|1|0|5|5|5|0
18T2|1|1|1|0|9|9|9|0
18T3|1|1|1|0|5|5|5|0
18T4|1|1|1|0|5|8|8|1
18T5|1|1|1|0|3|4|4|1
18T6|1|1|1|0|11|11|11|0
18T7|1|1|1|0|4|4|4|0
18T8|1|1|1|0|6|6|6|0
18T9|1|1|1|0|8|8|8|0
18T10|1|1|1|0|4|4|4|0
18T11|1|1|1|0|8|8|8|0
18T12|1|1|1|0|11|17|17|1
18T13|1|1|1|0|7|9|9|1
18T14|1|1|1|0|11|11|11|0
18T15|1|1|1|0|11|11|11|0
18T16|1|2|2|1|8|8|8|0
18T17|1|2|2|1|14|14|14|0
18T18|1|1|1|0|6|8|8|1
18T19|1|2|2|1|7|9|9|1
18T20|1|2|2|1|6|7|7|1
18T21|1|1|1|0|6|7|7|1
18T22|1|1|1|0|6|7|7|1
18T23|1|2|2|1|11|17|17|1
18T24|1|2|2|1|7|9|9|1
18T25|1|1|1|0|13|13|13|0
18T26|1|1|1|0|9|9|9|0
18T27|1|1|1|0|9|9|9|0
18T28|1|1|1|0|4|4|4|0
18T29|2|2|2|0|17|17|17|0
18T30|1|1|1|0|9|9|9|0
18T31|2|2|2|0|8|8|8|0
18T32|1|1|1|0|8|8|8|0
18T33|2|2|2|0|9|9|9|0
18T34|1|1|1|0|8|8|8|0
18T35|1|1|1|0|5|5|5|0
18T36|1|1|1|0|8|8|8|0
18T37|1|1|1|0|8|11|11|1
18T38|1|1|1|0|6|7|7|1
18T39|1|1|1|0|6|7|7|1
18T40|1|1|1|0|8|11|11|1
18T41|2|2|2|0|13|15|15|1
18T42|1|1|1|0|13|15|15|1
18T43|2|2|2|0|17|17|17|0
18T44|2|2|2|0|9|9|9|0
18T45|2|2|2|0|13|17|17|1
18T46|2|3|3|1|17|17|17|0
18T47|1|1|1|0|10|10|10|0
18T48|1|1|1|0|10|10|10|0
18T49|1|1|1|0|7|7|7|0
18T50|1|2|2|1|11|14|14|1
18T51|1|1|1|0|10|10|10|0
18T52|1|1|1|0|15|19|19|1
18T53|2|2|2|0|13|14|14|1
18T54|2|2|2|0|8|11|8|2
18T55|2|3|3|1|10|10|10|0
18T56|1|1|1|0|10|10|10|0
18T57|1|1|1|0|10|10|10|0
18T58|1|2|2|1|17|26|26|1
18T59|1|1|1|0|9|9|9|0
18T60|1|1|1|0|17|17|17|0
18T61|1|1|1|0|19|19|19|0
18T62|1|1|1|0|9|9|9|0
18T63|2|2|2|0|17|17|17|0
18T64|1|1|1|0|11|11|11|0
18T65|2|2|2|0|14|14|14|0
18T66|1|1|1|0|17|23|23|1
18T67|1|1|1|0|13|15|15|1
18T68|1|1|1|0|7|7|7|0
18T69|1|1|1|0|14|14|14|0
18T70|2|2|2|0|14|14|14|0
18T71|1|1|1|0|7|7|7|0
18T72|3|3|3|0|14|14|14|0
18T73|1|1|1|0|7|7|7|0
18T74|1|2|2|1|13|18|18|1
18T75|1|1|1|0|17|17|17|0
18T76|1|2|2|1|16|18|18|1
18T77|1|2|2|1|17|17|17|0
18T78|1|2|2|1|16|18|18|1
18T79|4|8|8|1|29|44|44|1
18T80|1|2|2|1|10|17|\N|\N
18T81|1|2|2|1|16|18|18|1
18T82|1|2|2|1|10|12|12|1
18T83|1|2|2|1|16|18|18|1
18T84|1|2|2|1|17|17|17|0
18T85|1|2|2|1|9|13|13|1
18T86|1|1|1|0|12|12|12|0
18T87|1|2|2|1|11|17|17|1
18T88|1|2|2|1|10|15|15|1
18T89|1|2|2|1|17|29|29|1
18T90|1|1|1|0|7|7|7|0
18T91|1|1|1|0|21|21|21|0
18T92|1|1|1|0|21|21|21|0
18T93|1|1|1|0|17|17|17|0
18T94|2|2|2|0|21|21|21|0
18T95|3|3|3|0|14|14|14|0
18T96|3|3|3|0|26|26|26|0
18T97|1|1|1|0|12|13|13|1
18T98|1|1|1|0|12|13|13|1
18T99|1|1|1|0|12|13|13|1
18T100|2|2|2|0|12|16|16|1
18T101|1|1|1|0|12|13|13|1
18T102|1|1|1|0|12|16|16|1
18T103|1|1|1|0|14|17|17|1
18T104|2|2|2|0|13|14|14|1
18T105|1|1|1|0|11|11|11|0
18T106|2|2|2|0|14|17|17|1
18T107|1|1|1|0|13|15|15|1
18T108|2|2|2|0|13|15|15|1
18T109|2|2|2|0|19|19|19|0
18T110|1|1|1|0|15|15|15|0
18T111|1|1|1|0|29|29|29|0
18T112|1|1|1|0|9|9|9|0
18T113|1|1|1|0|9|9|9|0
18T114|1|1|1|0|14|14|14|0
18T115|1|1|1|0|14|14|14|0
18T116|1|1|1|0|13|15|15|1
18T117|1|1|1|0|13|15|15|1
18T118|2|3|3|1|21|21|21|0
18T119|1|1|1|0|25|25|25|0
18T120|4|6|6|1|28|32|32|1
18T121|1|2|2|1|20|23|23|1
18T122|1|2|2|1|20|26|26|1
18T123|4|6|4|2|19|29|19|2
18T124|2|2|2|0|20|23|23|1
18T125|1|2|2|1|19|27|27|1
18T126|2|3|3|1|21|21|21|0
18T127|1|1|1|0|22|22|22|0
18T128|4|4|4|0|22|22|22|0
18T129|1|2|2|1|16|21|21|1
18T130|1|1|1|0|10|10|10|0
18T131|2|3|2|2|13|17|13|2
18T132|1|2|2|1|14|17|17|1
18T133|2|2|2|0|20|29|29|1
18T134|1|2|2|1|21|31|31|1
18T135|2|3|3|1|23|29|29|1
18T136|1|2|2|1|16|21|21|1
18T137|1|2|2|1|16|21|21|1
18T138|4|8|8|1|35|53|53|1
18T139|1|2|2|1|20|29|29|1
18T140|1|2|2|1|17|23|23|1
18T141|1|1|1|0|8|8|8|0
18T142|1|1|1|0|8|8|8|0
18T143|1|1|1|0|8|8|8|0
18T144|1|1|1|0|13|13|13|0
18T145|2|2|2|0|11|11|11|0
18T146|1|1|1|0|10|11|11|1
18T147|1|1|1|0|25|27|27|1
18T148|1|1|1|0|25|33|33|1
18T149|1|1|1|0|25|27|27|1
18T150|1|1|1|0|26|26|26|0
18T151|2|2|2|0|13|13|13|0
18T152|2|2|2|0|19|19|19|0
18T153|2|2|2|0|19|19|19|0
18T154|3|3|3|0|19|19|19|0
18T155|1|1|1|0|19|19|19|0
18T156|1|1|1|0|27|31|31|1
18T157|2|3|3|1|9|9|9|0
18T158|1|2|2|1|22|44|44|1
18T159|1|2|2|1|16|24|24|1
18T160|1|2|2|1|22|27|27|1
18T161|2|4|4|1|22|27|27|1
18T162|1|2|2|1|22|30|30|1
18T163|1|1|1|0|26|26|26|0
18T164|1|2|2|1|22|27|27|1
18T165|1|2|2|1|23|32|32|1
18T166|1|2|2|1|17|26|26|1
18T167|1|1|1|0|23|32|32|1
18T168|2|4|4|1|23|32|32|1
18T169|1|2|2|1|23|32|32|1
18T170|1|2|2|1|12|16|16|1
18T171|1|2|2|1|23|32|32|1
18T172|1|1|1|0|19|24|24|1
18T173|1|2|2|1|14|20|20|1
18T174|1|2|2|1|16|18|18|1
18T175|1|1|1|0|19|19|19|0
18T176|2|2|2|0|29|29|29|0
18T177|1|1|1|0|9|9|9|0
18T178|1|1|1|0|16|16|16|0
18T179|1|1|1|0|15|15|15|0
18T180|1|1|1|0|15|15|15|0
18T181|1|1|1|0|24|24|24|0
18T182|1|1|1|0|10|10|10|0
18T183|2|2|2|0|27|31|31|1
18T184|1|1|1|0|10|10|10|0
18T185|1|1|1|0|15|15|15|0
18T186|1|1|1|0|24|24|24|0
18T187|1|1|1|0|24|24|24|0
18T188|1|1|1|0|45|45|45|0
18T189|1|1|1|0|32|44|44|1
18T190|5|5|5|0|21|21|21|0
18T191|3|3|3|0|32|32|32|0
18T192|2|2|2|0|21|21|21|0
18T193|5|6|6|1|41|44|44|1
18T194|1|2|2|1|33|43|43|1
18T195|5|6|6|1|25|32|32|1
18T196|2|2|2|0|13|13|13|0
18T197|1|1|1|0|13|13|13|0
18T198|1|1|1|0|13|13|13|0
18T199|1|1|1|0|17|17|17|0
18T200|1|2|2|1|24|40|40|1
18T201|2|2|2|0|17|17|17|0
18T202|2|2|2|0|13|13|13|0
18T203|1|1|1|0|27|27|27|0
18T204|1|1|1|0|13|13|13|0
18T205|1|1|1|0|17|17|17|0
18T206|3|3|3|0|13|13|13|0
18T207|1|1|1|0|13|13|13|0
18T208|1|1|1|0|27|27|27|0
18T209|1|2|2|1|24|40|40|1
18T210|4|6|6|1|24|32|32|1
18T211|1|1|1|0|14|14|14|0
18T212|2|2|2|0|14|14|14|0
18T213|1|1|1|0|26|26|26|0
18T214|2|2|2|0|26|26|26|0
18T215|2|3|3|1|19|23|23|1
18T216|4|4|4|0|26|26|26|0
18T217|2|2|2|0|12|12|12|0
18T218|1|2|2|1|12|12|12|0
18T219|1|1|1|0|12|12|12|0
18T220|1|1|1|0|12|12|12|0
18T221|1|1|1|0|12|12|12|0
18T222|1|1|1|0|12|12|12|0
18T223|2|2|2|0|12|12|12|0
18T224|1|1|1|0|12|12|12|0
18T225|1|2|2|1|22|33|33|1
18T226|1|2|2|1|22|33|33|1
18T227|2|2|2|0|20|20|20|0
18T228|1|1|1|0|39|39|39|0
18T229|1|1|1|0|19|19|19|0
18T230|2|4|4|1|26|32|32|1
18T231|2|2|2|0|15|15|15|0
18T232|1|2|2|1|26|29|29|1
18T233|1|2|2|1|26|53|53|1
18T234|1|2|2|1|26|32|32|1
18T235|1|1|1|0|15|22|22|1
18T236|1|2|2|1|26|29|29|1
18T237|1|2|2|1|33|43|43|1
18T238|1|2|2|1|29|41|41|1
18T239|3|4|4|1|26|29|29|1
18T240|1|1|1|0|15|15|15|0
18T241|1|1|1|0|38|38|38|0
18T242|1|1|1|0|21|21|21|0
18T243|1|1|1|0|15|15|15|0
18T244|3|4|4|1|29|35|35|1
18T245|1|2|2|1|17|20|20|1
18T246|1|1|1|0|11|11|11|0
18T247|1|1|1|0|12|15|12|2
18T248|2|4|4|1|28|35|35|1
18T249|1|2|2|1|21|28|28|1
18T250|1|2|2|1|29|35|35|1
18T251|2|2|2|0|14|17|14|2
18T252|1|2|2|1|23|31|31|1
18T253|1|2|2|1|20|25|25|1
18T254|1|2|2|1|28|35|35|1
18T255|1|2|2|1|29|38|38|1
18T256|1|2|2|1|28|35|35|1
18T257|1|2|2|1|32|47|47|1
18T258|1|1|1|0|14|17|14|2
18T259|1|1|1|0|11|11|11|0
18T260|1|1|1|0|9|9|9|0
18T261|2|2|2|0|11|11|11|0
18T262|1|1|1|0|9|9|9|0
18T263|1|1|1|0|33|33|33|0
18T264|1|1|1|0|19|19|19|0
18T265|1|1|1|0|21|21|21|0
18T266|2|2|2|0|49|49|49|0
18T267|1|1|1|0|31|31|31|0
18T268|1|1|1|0|19|19|19|0
18T269|1|1|1|0|17|17|17|0
18T270|1|1|1|0|17|17|17|0
18T271|1|1|1|0|19|19|19|0
18T272|1|1|1|0|19|19|19|0
18T273|1|1|1|0|19|19|19|0
18T274|1|1|1|0|19|19|19|0
18T275|1|1|1|0|19|19|19|0
18T276|1|1|1|0|23|23|23|0
18T277|1|1|1|0|17|17|17|0
18T278|1|1|1|0|17|17|17|0
18T279|1|1|1|0|23|23|23|0
18T280|1|1|1|0|9|9|9|0
18T281|1|1|1|0|15|15|15|0
18T282|1|1|1|0|49|81|81|1
18T283|1|1|1|0|27|27|27|0
18T284|1|1|1|0|55|55|55|0
18T285|1|1|1|0|27|27|27|0
18T286|1|1|1|0|27|27|27|0
18T287|1|1|1|0|35|35|35|0
18T288|1|1|1|0|14|14|14|0
18T289|1|1|1|0|44|53|53|1
18T290|4|4|4|0|22|22|22|0
18T291|1|1|1|0|22|22|22|0
18T292|4|4|4|0|35|35|35|0
18T293|1|1|1|0|17|17|17|0
18T294|1|1|1|0|22|22|22|0
18T295|1|1|1|0|28|28|28|0
18T296|1|1|1|0|32|32|32|0
18T297|1|1|1|0|14|14|14|0
18T298|1|1|1|0|22|22|22|0
18T299|1|2|2|1|34|48|48|1
18T300|1|1|1|0|21|21|21|0
18T301|1|1|1|0|25|25|25|0
18T302|1|1|1|0|16|16|16|0
18T303|2|2|2|0|21|21|21|0
18T304|3|3|3|0|22|22|22|0
18T305|1|1|1|0|25|25|25|0
18T306|1|1|1|0|10|10|10|0
18T307|3|3|3|0|16|16|16|0
18T308|1|1|1|0|45|67|67|1
18T309|1|1|1|0|10|10|10|0
18T310|1|2|2|1|34|48|48|1
18T311|1|1|1|0|21|21|21|0
18T312|2|2|2|0|21|21|21|0
18T313|2|2|2|0|25|25|25|0
18T314|1|1|1|0|21|21|21|0
18T315|3|3|3|0|21|21|21|0
18T316|1|2|2|1|34|48|48|1
18T317|1|2|2|1|34|48|48|1
18T318|1|1|1|0|16|16|16|0
18T319|1|1|1|0|21|21|21|0
18T320|1|1|1|0|21|21|21|0
18T321|2|2|2|0|25|25|25|0
18T322|2|2|2|0|22|22|22|0
18T323|3|5|5|1|40|54|54|1
18T324|1|2|2|1|41|65|65|1
18T325|3|6|6|1|37|57|57|1
18T326|1|2|2|1|28|39|39|1
18T327|3|6|6|1|37|57|57|1
18T328|1|2|2|1|41|65|65|1
18T329|4|5|5|1|49|57|57|1
18T330|1|2|2|1|28|39|39|1
18T331|1|2|2|1|28|39|39|1
18T332|4|5|5|1|49|57|57|1
18T333|4|8|8|1|44|74|74|1
18T334|1|1|1|0|14|14|14|0
18T335|1|1|1|0|9|9|9|0
18T336|1|1|1|0|30|30|30|0
18T337|1|1|1|0|24|24|24|0
18T338|1|1|1|0|23|26|26|1
18T339|1|1|1|0|23|23|23|0
18T340|1|1|1|0|23|23|23|0
18T341|1|2|2|1|50|65|65|1
18T342|1|2|2|1|41|41|41|0
18T343|4|4|4|0|41|41|41|0
18T344|1|1|1|0|20|20|20|0
18T345|4|4|4|0|20|20|20|0
18T346|1|1|1|0|25|25|25|0
18T347|1|1|1|0|26|26|26|0
18T348|1|1|1|0|23|29|29|1
18T349|1|1|1|0|29|29|29|0
18T350|1|1|1|0|25|25|25|0
18T351|1|1|1|0|23|23|23|0
18T352|2|2|2|0|19|19|19|0
18T353|1|1|1|0|19|21|21|1
18T354|1|1|1|0|23|23|23|0
18T355|3|3|3|0|25|25|25|0
18T356|3|3|3|0|23|23|23|0
18T357|1|1|1|0|23|23|23|0
18T358|1|1|1|0|19|26|26|1
18T359|1|1|1|0|25|38|38|1
18T360|1|1|1|0|22|29|29|1
18T361|1|1|1|0|18|21|21|1
18T362|1|1|1|0|21|21|21|0
18T363|3|3|3|0|17|17|17|0
18T364|2|2|2|0|16|17|17|1
18T365|1|1|1|0|14|14|14|0
18T366|1|1|1|0|39|39|39|0
18T367|1|1|1|0|35|35|35|0
18T368|4|4|4|0|32|32|32|0
18T369|4|4|4|0|39|39|39|0
18T370|1|1|1|0|39|39|39|0
18T371|1|1|1|0|29|29|29|0
18T372|1|1|1|0|47|47|47|0
18T373|1|1|1|0|29|29|29|0
18T374|1|1|1|0|29|29|29|0
18T375|1|1|1|0|35|35|35|0
18T376|1|1|1|0|29|29|29|0
18T377|1|1|1|0|6|6|6|0
18T378|1|1|1|0|12|12|12|0
18T379|1|1|1|0|41|41|41|0
18T380|1|1|1|0|26|26|26|0
18T381|1|1|1|0|19|19|19|0
18T382|1|1|1|0|20|20|20|0
18T383|2|2|2|0|20|20|20|0
18T384|1|1|1|0|25|25|25|0
18T385|2|2|2|0|26|26|26|0
18T386|2|2|2|0|17|17|17|0
18T387|1|1|1|0|21|21|21|0
18T388|2|2|2|0|53|53|53|0
18T389|1|1|1|0|12|13|12|2
18T390|1|1|1|0|25|25|25|0
18T391|1|1|1|0|26|26|26|0
18T392|1|1|1|0|12|12|12|0
18T393|2|2|2|0|24|24|24|0
18T394|1|1|1|0|43|43|43|0
18T395|1|1|1|0|17|17|17|0
18T396|1|1|1|0|69|97|97|1
18T397|1|1|1|0|43|43|43|0
18T398|1|1|1|0|20|20|20|0
18T399|1|1|1|0|40|40|40|0
18T400|1|1|1|0|45|45|45|0
18T401|1|1|1|0|40|40|40|0
18T402|2|2|2|0|26|26|26|0
18T403|2|2|2|0|27|27|27|0
18T404|2|2|2|0|26|26|26|0
18T405|2|2|2|0|27|27|27|0
18T406|3|5|5|1|53|53|53|0
18T407|3|5|5|1|44|61|61|1
18T408|3|6|6|1|44|68|68|1
18T409|1|2|2|1|38|49|49|1
18T410|1|2|1|2|26|39|26|2
18T411|3|5|5|1|44|61|61|1
18T412|1|1|1|0|26|39|26|2
18T413|1|2|2|1|38|49|49|1
18T414|1|2|2|1|38|49|49|1
18T415|1|2|1|2|26|39|26|2
18T416|1|2|2|1|31|36|36|1
18T417|1|2|2|1|31|36|36|1
18T418|2|2|2|0|36|36|36|0
18T419|2|2|2|0|36|36|36|0
18T420|1|2|1|2|20|27|20|2
18T421|1|1|1|0|33|39|33|2
18T422|3|5|5|1|44|65|65|1
18T423|1|2|1|2|20|27|20|2
18T424|3|5|5|1|47|64|64|1
18T425|1|2|2|1|47|65|65|1
18T426|4|8|8|1|56|92|92|1
18T427|2|2|2|0|15|15|15|0
18T428|1|1|1|0|29|29|29|0
18T429|1|1|1|0|19|19|19|0
18T430|1|1|1|0|17|17|17|0
18T431|1|1|1|0|17|17|17|0
18T432|1|1|1|0|17|17|17|0
18T433|1|1|1|0|14|14|14|0
18T434|1|1|1|0|14|14|14|0
18T435|1|1|1|0|17|17|17|0
18T436|1|1|1|0|21|22|22|1
18T437|1|1|1|0|21|22|22|1
18T438|1|1|1|0|43|43|43|0
18T439|1|1|1|0|41|41|41|0
18T440|1|1|1|0|38|38|38|0
18T441|1|1|1|0|38|38|38|0
18T442|1|1|1|0|20|20|20|0
18T443|1|1|1|0|15|15|15|0
18T444|1|1|1|0|37|47|47|1
18T445|1|1|1|0|33|35|35|1
18T446|1|1|1|0|38|38|38|0
18T447|1|1|1|0|31|35|35|1
18T448|1|1|1|0|38|50|50|1
18T449|1|1|1|0|38|38|38|0
18T450|1|1|1|0|11|13|11|2
18T451|1|1|1|0|18|18|18|0
18T452|1|1|1|0|32|32|32|0
18T453|1|2|2|1|82|138|138|1
18T454|2|3|3|1|41|56|56|1
18T455|2|3|3|1|41|56|56|1
18T456|2|4|4|1|40|63|63|1
18T457|2|4|4|1|40|63|63|1
18T458|1|2|2|1|95|149|149|1
18T459|1|1|1|0|79|79|79|0
18T460|1|1|1|0|65|65|65|0
18T461|1|1|1|0|59|59|59|0
18T462|3|3|3|0|41|41|41|0
18T463|3|3|3|0|41|41|41|0
18T464|4|4|4|0|47|47|47|0
18T465|4|4|4|0|41|41|41|0
18T466|4|4|4|0|47|47|47|0
18T467|4|4|4|0|41|41|41|0
18T468|1|1|1|0|10|10|10|0
18T469|1|1|1|0|23|23|23|0
18T470|1|1|1|0|16|20|16|2
18T471|1|1|1|0|34|34|34|0
18T472|1|1|1|0|81|81|81|0
18T473|1|1|1|0|17|17|17|0
18T474|1|1|1|0|35|35|35|0
18T475|1|1|1|0|17|17|17|0
18T476|1|1|1|0|14|16|14|2
18T477|1|1|1|0|28|28|28|0
18T478|1|1|1|0|21|21|21|0
18T479|1|1|1|0|14|14|14|0
18T480|1|1|1|0|22|22|22|0
18T481|1|1|1|0|44|44|44|0
18T482|1|1|1|0|32|32|32|0
18T483|1|1|1|0|48|48|48|0
18T484|1|1|1|0|48|48|48|0
18T485|1|1|1|0|53|53|53|0
18T486|1|1|1|0|48|48|48|0
18T487|1|1|1|0|55|55|55|0
18T488|1|1|1|0|48|48|48|0
18T489|1|1|1|0|57|57|57|0
18T490|1|1|1|0|57|57|57|0
18T491|2|3|3|1|40|54|54|1
18T492|1|1|1|0|40|54|54|1
18T493|2|3|3|1|40|54|54|1
18T494|3|5|5|1|68|92|92|1
18T495|1|2|2|1|54|54|54|0
18T496|1|1|1|0|32|32|32|0
18T497|1|1|1|0|32|39|39|1
18T498|1|2|2|1|32|39|39|1
18T499|2|2|2|0|36|47|47|1
18T500|2|2|2|0|36|47|47|1
18T501|2|2|2|0|39|42|42|1
18T502|2|3|3|1|38|59|59|1
18T503|2|3|3|1|40|54|54|1
18T504|2|2|2|0|39|42|42|1
18T505|1|2|2|1|30|34|34|1
18T506|1|1|1|0|46|54|54|1
18T507|1|1|1|0|35|43|43|1
18T508|1|2|2|1|35|43|43|1
18T509|1|1|1|0|37|38|38|1
18T510|2|3|3|1|40|44|44|1
18T511|2|3|3|1|39|53|53|1
18T512|1|1|1|0|29|29|29|0
18T513|1|1|1|0|35|35|35|0
18T514|1|1|1|0|35|35|35|0
18T515|2|2|2|0|26|26|26|0
18T516|2|2|2|0|31|31|31|0
18T517|1|1|1|0|29|29|29|0
18T518|1|1|1|0|29|29|29|0
18T519|1|1|1|0|29|29|29|0
18T520|1|1|1|0|29|29|29|0
18T521|1|1|1|0|43|45|45|1
18T522|1|1|1|0|23|23|23|0
18T523|1|1|1|0|65|65|65|0
18T524|2|2|2|0|19|19|19|0
18T525|1|1|1|0|20|20|20|0
18T526|2|2|2|0|30|30|30|0
18T527|2|2|2|0|20|20|20|0
18T528|2|2|2|0|25|25|25|0
18T529|1|2|2|1|98|142|142|1
18T530|1|1|1|0|69|69|69|0
18T531|2|3|3|1|52|52|52|0
18T532|1|2|2|1|89|149|149|1
18T533|2|2|2|0|38|49|38|2
18T534|2|4|4|1|43|60|60|1
18T535|1|1|1|0|81|81|81|0
18T536|2|3|3|1|48|70|70|1
18T537|2|3|2|2|35|55|35|2
18T538|1|1|1|0|68|71|68|2
18T539|1|2|2|1|109|170|170|1
18T540|2|3|3|1|48|70|70|1
18T541|2|3|3|1|50|61|61|1
18T542|1|2|2|1|80|119|119|1
18T543|1|1|1|0|58|58|58|0
18T544|1|1|1|0|83|83|83|0
18T545|3|3|3|0|59|59|59|0
18T546|3|3|3|0|59|59|59|0
18T547|2|2|2|0|31|31|31|0
18T548|1|1|1|0|83|83|83|0
18T549|2|2|2|0|31|31|31|0
18T550|3|3|3|0|59|59|59|0
18T551|1|1|1|0|95|95|95|0
18T552|1|1|1|0|35|35|35|0
18T553|1|1|1|0|24|30|30|1
18T554|1|1|1|0|39|39|39|0
18T555|2|2|2|0|53|53|53|0
18T556|1|1|1|0|97|97|97|0
18T557|1|1|1|0|19|19|19|0
18T558|1|1|1|0|24|24|24|0
18T559|1|1|1|0|21|24|22|3
18T560|1|1|1|0|26|26|26|0
18T561|1|1|1|0|24|25|24|2
18T562|1|1|1|0|23|23|23|0
18T563|1|1|1|0|18|18|18|0
18T564|1|1|1|0|25|25|25|0
18T565|1|1|1|0|22|27|27|1
18T566|1|1|1|0|25|25|25|0
18T567|1|1|1|0|22|27|27|1
18T568|1|1|1|0|22|27|27|1
18T569|1|1|1|0|22|27|27|1
18T570|1|1|1|0|61|68|68|1
18T571|1|1|1|0|68|95|95|1
18T572|1|1|1|0|61|68|68|1
18T573|2|3|3|1|57|64|64|1
18T574|1|1|1|0|57|64|64|1
18T575|1|1|1|0|42|42|42|0
18T576|1|1|1|0|44|44|44|0
18T577|1|1|1|0|55|55|55|0
18T578|2|2|2|0|44|44|44|0
18T579|2|3|3|1|52|52|52|0
18T580|2|3|3|1|51|62|62|1
18T581|2|3|3|1|52|65|65|1
18T582|2|3|3|1|53|53|53|0
18T583|1|1|1|0|64|74|74|1
18T584|1|2|2|1|89|152|152|1
18T585|1|1|1|0|63|63|63|0
18T586|1|1|1|0|53|53|53|0
18T587|1|1|1|0|59|59|59|0
18T588|2|2|2|0|32|32|32|0
18T589|2|2|2|0|41|41|41|0
18T590|2|2|2|0|35|35|35|0
18T591|2|2|2|0|41|41|41|0
18T592|2|2|2|0|32|32|32|0
18T593|2|2|2|0|35|35|35|0
18T594|2|2|2|0|41|41|41|0
18T595|2|2|2|0|41|41|41|0
18T596|1|1|1|0|26|26|26|0
18T597|1|1|1|0|37|37|37|0
18T598|1|1|1|0|138|138|138|0
18T599|1|1|1|0|59|59|59|0
18T600|1|1|1|0|65|85|85|1
18T601|1|2|2|1|122|173|173|1
18T602|1|1|1|0|74|74|74|0
18T603|2|3|3|1|69|84|84|1
18T604|2|3|3|1|44|62|62|1
18T605|1|1|1|0|78|92|92|1
18T606|1|2|2|1|83|149|149|1
18T607|1|1|1|0|81|82|82|1
18T608|1|2|2|1|82|138|138|1
18T609|1|1|1|0|52|52|52|0
18T610|1|1|1|0|93|93|93|0
18T611|1|1|1|0|52|52|52|0
18T612|1|1|1|0|79|79|79|0
18T613|2|3|3|1|47|67|67|1
18T614|1|1|1|0|61|93|93|1
18T615|1|1|1|0|68|68|68|0
18T616|1|1|1|0|68|68|68|0
18T617|2|3|3|1|49|64|64|1
18T618|1|2|2|1|72|119|119|1
18T619|1|1|1|0|51|57|57|1
18T620|1|2|2|1|70|104|104|1
18T621|1|1|1|0|51|57|57|1
18T622|1|1|1|0|20|20|20|0
18T623|1|1|1|0|119|119|119|0
18T624|1|1|1|0|20|20|20|0
18T625|1|1|1|0|63|63|63|0
18T626|2|2|2|0|53|53|53|0
18T627|2|2|2|0|53|53|53|0
18T628|1|1|1|0|26|26|26|0
18T629|1|1|1|0|26|26|26|0
18T630|2|2|2|0|53|53|53|0
18T631|1|1|1|0|45|55|55|1
18T632|1|1|1|0|51|51|51|0
18T633|2|2|2|0|53|53|53|0
18T634|1|1|1|0|25|29|25|2
18T635|1|1|1|0|32|32|32|0
18T636|1|1|1|0|35|44|44|1
18T637|1|1|1|0|24|24|24|0
18T638|1|1|1|0|42|42|42|0
18T639|1|1|1|0|29|29|29|0
18T640|1|1|1|0|37|39|39|1
18T641|1|1|1|0|37|39|39|1
18T642|1|1|1|0|37|39|39|1
18T643|1|1|1|0|37|39|39|1
18T644|1|1|1|0|45|55|55|1
18T645|1|1|1|0|26|26|26|0
18T646|1|1|1|0|26|26|26|0
18T647|1|1|1|0|26|26|26|0
18T648|2|2|2|0|76|76|76|0
18T649|1|1|1|0|92|92|92|0
18T650|1|2|2|1|80|124|124|1
18T651|1|1|1|0|\N|\N|\N|\N
18T652|1|2|1|2|\N|\N|\N|\N
18T653|1|2|2|1|\N|\N|\N|\N
18T654|1|2|2|1|\N|\N|\N|\N
18T655|1|1|1|0|\N|\N|\N|\N
18T656|1|1|1|0|\N|\N|\N|\N
18T657|1|1|1|0|\N|\N|\N|\N
18T658|1|1|1|0|\N|\N|\N|\N
18T659|2|2|2|0|\N|\N|\N|\N
18T660|2|2|2|0|\N|\N|\N|\N
18T661|2|2|2|0|59|59|59|0
18T662|1|1|1|0|83|83|83|0
18T663|2|2|2|0|59|59|59|0
18T664|1|1|1|0|31|31|31|0
18T665|1|1|1|0|31|41|41|1
18T666|1|1|1|0|33|33|33|0
18T667|1|1|1|0|23|23|23|0
18T668|1|1|1|0|23|23|23|0
18T669|2|2|2|0|82|82|82|0
18T670|1|1|1|0|82|82|82|0
18T671|2|2|2|0|46|46|46|0
18T672|1|1|1|0|142|149|149|1
18T673|1|2|2|1|149|257|257|1
18T674|1|1|1|0|82|114|114|1
18T675|1|1|1|0|92|92|92|0
18T676|2|2|2|0|78|78|78|0
18T677|1|2|2|1|118|182|182|1
18T678|1|1|1|0|78|78|78|0
18T679|1|2|2|1|106|173|173|1
18T680|1|2|2|1|94|136|136|1
18T681|1|1|1|0|53|53|53|0
18T682|2|2|2|0|53|53|53|0
18T683|1|1|1|0|71|71|71|0
18T684|1|2|2|1|93|134|134|1
18T685|1|2|2|1|98|142|142|1
18T686|1|1|1|0|64|67|67|1
18T687|1|1|1|0|77|77|77|0
18T688|1|1|1|0|30|30|30|0
18T689|1|1|1|0|41|41|41|0
18T690|1|1|1|0|53|53|53|0
18T691|1|1|1|0|107|107|107|0
18T692|1|1|1|0|35|35|35|0
18T693|1|1|1|0|35|35|35|0
18T694|1|1|1|0|35|35|35|0
18T695|1|1|1|0|35|35|35|0
18T696|1|1|1|0|107|107|107|0
18T697|1|1|1|0|44|44|44|0
18T698|1|1|1|0|75|79|79|1
18T699|1|1|1|0|53|53|53|0
18T700|1|1|1|0|53|53|53|0
18T701|2|2|2|0|66|91|91|1
18T702|1|1|1|0|49|49|49|0
18T703|2|2|2|0|49|49|49|0
18T704|2|2|2|0|59|59|59|0
18T705|1|1|1|0|53|53|53|0
18T706|1|1|1|0|49|49|49|0
18T707|1|1|1|0|49|49|49|0
18T708|1|1|1|0|49|49|49|0
18T709|1|1|1|0|49|49|49|0
18T710|2|2|2|0|66|91|91|1
18T711|2|2|2|0|59|59|59|0
18T712|1|1|1|0|34|34|34|0
18T713|1|1|1|0|34|34|34|0
18T714|1|1|1|0|34|34|34|0
18T715|1|1|1|0|34|34|34|0
18T716|1|1|1|0|34|34|34|0
18T717|2|2|2|0|52|67|67|1
18T718|1|1|1|0|34|34|34|0
18T719|2|2|2|0|52|67|67|1
18T720|1|1|1|0|34|34|34|0
18T721|1|1|1|0|34|34|34|0
18T722|1|1|1|0|58|58|58|0
18T723|1|1|1|0|39|39|39|0
18T724|1|2|2|1|148|252|252|1
18T725|1|1|1|0|70|90|90|1
18T726|1|2|2|1|120|168|168|1
18T727|1|1|1|0|80|80|80|0
18T728|1|1|1|0|80|80|80|0
18T729|1|2|2|1|92|147|147|1
18T730|1|1|1|0|76|76|76|0
18T731|1|2|2|1|95|151|151|1
18T732|1|1|1|0|71|76|76|1
18T733|1|1|1|0|79|90|90|1
18T734|1|1|1|0|119|119|119|0
18T735|1|1|1|0|28|28|28|0
18T736|1|1|1|0|46|46|46|0
18T737|1|1|1|0|35|35|35|0
18T738|2|2|2|0|66|66|66|0
18T739|2|2|2|0|114|114|114|0
18T740|1|2|2|1|173|254|254|1
18T741|2|2|2|0|62|62|62|0
18T742|1|1|1|0|138|138|138|0
18T743|2|2|2|0|131|131|131|0
18T744|1|1|1|0|40|40|40|0
18T745|2|2|2|0|52|52|52|0
18T746|2|2|2|0|41|41|41|0
18T747|1|1|1|0|40|40|40|0
18T748|1|1|1|0|52|52|52|0
18T749|2|2|2|0|68|68|68|0
18T750|2|2|2|0|62|62|62|0
18T751|2|2|2|0|68|68|68|0
18T752|1|1|1|0|68|68|68|0
18T753|2|2|2|0|43|43|43|0
18T754|1|1|1|0|78|82|82|1
18T755|1|1|1|0|86|86|86|0
18T756|1|1|1|0|42|42|42|0
18T757|1|1|1|0|61|61|61|0
18T758|1|1|1|0|34|34|34|0
18T759|1|1|1|0|77|77|77|0
18T760|1|1|1|0|38|46|46|1
18T761|2|2|2|0|61|61|61|0
18T762|1|1|1|0|34|34|34|0
18T763|1|1|1|0|71|71|71|0
18T764|1|1|1|0|119|119|119|0
18T765|1|1|1|0|99|99|99|0
18T766|1|1|1|0|133|183|183|1
18T767|1|1|1|0|99|99|99|0
18T768|2|2|2|0|99|99|99|0
18T769|1|1|1|0|69|69|69|0
18T770|1|1|1|0|64|64|64|0
18T771|2|2|2|0|83|95|95|1
18T772|1|1|1|0|105|135|135|1
18T773|2|2|2|0|64|64|64|0
18T774|2|2|2|0|83|95|95|1
18T775|2|2|2|0|83|95|95|1
18T776|2|2|2|0|64|64|64|0
18T777|1|1|1|0|64|64|64|0
18T778|2|2|2|0|83|95|95|1
18T779|1|1|1|0|64|64|64|0
18T780|1|1|1|0|64|64|64|0
18T781|1|1|1|0|69|69|69|0
18T782|1|1|1|0|69|69|69|0
18T783|1|1|1|0|64|64|64|0
18T784|1|1|1|0|69|69|69|0
18T785|1|1|1|0|64|64|64|0
18T786|2|2|2|0|89|89|89|0
18T787|1|1|1|0|63|63|63|0
18T788|1|1|1|0|63|63|63|0
18T789|1|2|2|1|55|79|79|1
18T790|1|2|2|1|65|110|110|1
18T791|1|1|1|0|29|29|29|0
18T792|2|3|3|1|40|54|54|1
18T793|1|1|1|0|92|92|92|0
18T794|1|1|1|0|140|140|140|0
18T795|1|1|1|0|90|90|90|0
18T796|1|1|1|0|106|106|106|0
18T797|1|2|2|1|171|274|274|1
18T798|1|1|1|0|108|108|108|0
18T799|1|1|1|0|57|57|57|0
18T800|1|1|1|0|42|42|42|0
18T801|1|1|1|0|42|42|42|0
18T802|1|1|1|0|17|17|17|0
18T803|2|2|2|0|77|77|77|0
18T804|2|2|2|0|66|66|66|0
18T805|2|2|2|0|89|89|89|0
18T806|4|4|4|0|89|89|89|0
18T807|2|2|2|0|257|257|257|0
18T808|4|4|4|0|77|77|77|0
18T809|2|2|2|0|66|66|66|0
18T810|2|2|2|0|54|54|54|0
18T811|2|2|2|0|100|100|100|0
18T812|2|2|2|0|65|65|65|0
18T813|2|2|2|0|53|53|53|0
18T814|2|2|2|0|53|53|53|0
18T815|2|2|2|0|54|54|54|0
18T816|2|2|2|0|54|54|54|0
18T817|1|1|1|0|67|67|67|0
18T818|2|2|2|0|92|92|92|0
18T819|1|1|1|0|136|136|136|0
18T820|2|2|2|0|129|129|129|0
18T821|2|2|2|0|63|63|63|0
18T822|1|1|1|0|71|71|71|0
18T823|1|1|1|0|58|58|58|0
18T824|2|2|2|0|41|41|41|0
18T825|1|1|1|0|58|58|58|0
18T826|2|2|2|0|109|109|109|0
18T827|5|5|5|0|109|109|109|0
18T828|1|1|1|0|142|142|142|0
18T829|2|2|2|0|137|137|137|0
18T830|5|5|5|0|92|92|92|0
18T831|2|2|2|0|71|71|71|0
18T832|2|2|2|0|67|67|67|0
18T833|1|1|1|0|55|55|55|0
18T834|1|1|1|0|55|55|55|0
18T835|1|1|1|0|167|191|191|1
18T836|2|2|2|0|129|129|129|0
18T837|1|1|1|0|129|129|129|0
18T838|3|3|3|0|174|174|174|0
18T839|1|1|1|0|179|179|179|0
18T840|2|2|2|0|174|174|174|0
18T841|2|2|2|0|86|86|86|0
18T842|2|2|2|0|85|85|85|0
18T843|2|2|2|0|86|86|86|0
18T844|2|2|2|0|85|85|85|0
18T845|1|2|2|1|79|110|110|1
18T846|1|1|1|0|47|47|47|0
18T847|1|1|1|0|52|52|52|0
18T848|1|1|1|0|41|41|41|0
18T849|1|1|1|0|38|41|41|1
18T850|2|3|3|1|54|64|64|1
18T851|2|2|2|0|40|40|40|0
18T852|1|1|1|0|169|169|169|0
18T853|2|2|2|0|63|90|90|1
18T854|1|1|1|0|85|85|85|0
18T855|1|1|1|0|35|35|35|0
18T856|1|1|1|0|68|68|68|0
18T857|1|1|1|0|149|149|149|0
18T858|2|2|2|0|149|149|149|0
18T859|2|2|2|0|77|77|77|0
18T860|2|2|2|0|82|82|82|0
18T861|2|2|2|0|94|94|94|0
18T862|2|2|2|0|100|100|100|0
18T863|2|2|2|0|122|122|122|0
18T864|2|2|2|0|100|100|100|0
18T865|2|2|2|0|254|254|254|0
18T866|4|4|4|0|94|94|94|0
18T867|2|2|2|0|70|70|70|0
18T868|4|4|4|0|122|122|122|0
18T869|2|2|2|0|94|94|94|0
18T870|2|2|2|0|64|64|64|0
18T871|2|2|2|0|170|170|170|0
18T872|2|2|2|0|64|64|64|0
18T873|2|2|2|0|91|91|91|0
18T874|1|1|1|0|170|170|170|0
18T875|4|4|4|0|91|91|91|0
18T876|4|4|4|0|94|94|94|0
18T877|2|2|2|0|64|64|64|0
18T878|3|3|3|0|83|83|83|0
18T879|1|1|1|0|349|349|349|0
18T880|2|2|2|0|164|164|164|0
18T881|1|1|1|0|171|171|171|0
18T882|1|1|1|0|173|173|173|0
18T883|3|3|3|0|164|164|164|0
18T884|3|3|3|0|164|164|164|0
18T885|2|2|2|0|164|164|164|0
18T886|1|1|1|0|73|76|76|1
18T887|2|2|2|0|29|29|29|0
18T888|2|2|2|0|33|33|33|0
18T889|1|1|1|0|65|65|65|0
18T890|1|1|1|0|26|26|26|0
18T891|3|3|3|0|\N|\N|\N|\N
18T892|3|3|3|0|\N|\N|\N|\N
18T893|2|2|2|0|\N|\N|\N|\N
18T894|2|2|2|0|\N|\N|\N|\N
18T895|2|2|2|0|\N|\N|\N|\N
18T896|2|2|2|0|\N|\N|\N|\N
18T897|1|1|1|0|\N|\N|\N|\N
18T898|1|1|1|0|\N|\N|\N|\N
18T899|1|2|2|1|\N|\N|\N|\N
18T900|1|2|2|1|\N|\N|\N|\N
18T901|2|2|2|0|173|173|173|0
18T902|2|2|2|0|114|114|114|0
18T903|1|1|1|0|173|173|173|0
18T904|3|3|3|0|149|149|149|0
18T905|1|1|1|0|149|149|149|0
18T906|3|3|3|0|129|129|129|0
18T907|3|3|3|0|93|93|93|0
18T908|3|3|3|0|73|73|73|0
18T909|3|3|3|0|93|93|93|0
18T910|3|3|3|0|106|106|106|0
18T911|1|1|1|0|31|31|31|0
18T912|1|1|1|0|329|329|329|0
18T913|1|1|1|0|59|59|59|0
18T914|1|1|1|0|53|53|53|0
18T915|1|1|1|0|124|152|152|1
18T916|3|3|3|0|88|88|88|0
18T917|3|3|3|0|120|120|120|0
18T918|3|3|3|0|92|92|92|0
18T919|3|3|3|0|92|92|92|0
18T920|2|2|2|0|104|104|104|0
18T921|3|3|3|0|88|88|88|0
18T922|2|2|2|0|89|92|92|1
18T923|2|2|2|0|113|152|152|1
18T924|2|2|2|0|91|91|91|0
18T925|1|2|2|1|144|220|220|1
18T926|1|1|1|0|257|257|257|0
18T927|3|3|3|0|130|130|130|0
18T928|3|3|3|0|134|134|134|0
18T929|1|1|1|0|134|134|134|0
18T930|1|1|1|0|173|173|173|0
18T931|3|3|3|0|133|133|133|0
18T932|3|3|3|0|173|173|173|0
18T933|1|1|1|0|45|49|49|1
18T934|1|1|1|0|44|44|44|0
18T935|1|1|1|0|39|39|39|0
18T936|2|2|2|0|65|65|65|0
18T937|1|1|1|0|30|35|35|1
18T938|1|1|1|0|25|26|26|1
18T939|3|3|3|0|171|171|171|0
18T940|3|3|3|0|150|150|150|0
18T941|1|1|1|0|147|147|147|0
18T942|1|1|1|0|168|168|168|0
18T943|3|3|3|0|142|142|142|0
18T944|3|3|3|0|158|158|158|0
18T945|1|1|1|0|254|254|254|0
18T946|1|1|1|0|69|69|69|0
18T947|1|1|1|0|63|63|63|0
18T948|1|1|1|0|110|110|110|0
18T949|2|2|2|0|59|59|59|0
18T950|2|2|2|0|79|79|79|0
18T951|1|1|1|0|274|274|274|0
18T952|2|3|3|1|49|65|65|1
18T953|1|1|1|0|125|125|125|0
18T954|1|1|1|0|71|71|71|0
18T955|1|1|1|0|72|72|72|0
18T956|1|1|1|0|110|110|110|0
18T957|2|2|2|0|77|77|77|0
18T958|1|1|1|0|139|139|139|0
18T959|2|2|2|0|112|112|112|0
18T960|1|1|1|0|120|120|120|0
18T961|2|2|2|0|144|144|144|0
18T962|1|1|1|0|220|220|220|0
18T963|1|1|1|0|78|78|78|0
18T964|2|2|2|0|149|149|149|0
18T965|1|1|1|0|149|149|149|0
18T966|1|1|1|0|157|157|157|0
18T967|2|2|2|0|87|87|87|0
18T968|1|1|1|0|299|299|299|0
18T969|2|2|2|0|137|137|137|0
18T970|2|2|2|0|97|97|97|0
18T971|2|2|2|0|\N|\N|\N|\N
18T972|2|2|2|0|\N|\N|\N|\N
18T973|3|3|3|0|\N|\N|\N|\N
18T974|1|1|1|0|\N|\N|\N|\N
18T975|3|3|3|0|\N|\N|\N|\N
18T976|3|3|3|0|\N|\N|\N|\N
18T977|1|1|1|0|\N|\N|\N|\N
18T978|2|2|2|0|\N|\N|\N|\N
18T979|3|3|3|0|\N|\N|\N|\N
18T980|3|3|3|0|\N|\N|\N|\N
18T981|1|1|1|0|\N|\N|\N|\N
18T982|2|2|2|0|\N|\N|\N|\N
18T983|1|1|1|0|\N|\N|\N|\N
