label|malle_b|malle_turkelli_b|malle_wang_b|malle_b_status|malle_b_prp|malle_turkelli_b_prp|malle_wang_b_prp|malle_b_status_prp
text|smallint|smallint|smallint|smallint|smallint|smallint|smallint|smallint

16T1|1|1|1|0|4|4|4|0
16T2|7|7|7|0|11|11|11|0
16T3|15|15|15|0|15|15|15|0
16T4|3|3|3|0|9|9|9|0
16T5|3|3|3|0|7|7|7|0
16T6|2|2|2|0|6|6|6|0
16T7|3|3|3|0|9|9|9|0
16T8|3|3|3|0|7|7|7|0
16T9|7|7|7|0|9|9|9|0
16T10|5|5|5|0|7|7|7|0
16T11|4|4|4|0|8|8|8|0
16T12|2|2|2|0|5|5|5|0
16T13|3|3|3|0|5|5|5|0
16T14|1|1|1|0|5|5|5|0
16T15|1|1|1|0|13|13|13|0
16T16|1|1|1|0|12|12|12|0
16T17|1|1|1|0|13|13|13|0
16T18|1|1|1|0|17|17|17|0
16T19|1|1|1|0|14|14|14|0
16T20|1|1|1|0|16|16|16|0
16T21|1|1|1|0|15|15|15|0
16T22|1|1|1|0|8|8|8|0
16T23|1|1|1|0|16|16|16|0
16T24|1|1|1|0|10|10|10|0
16T25|1|1|1|0|19|19|19|0
16T26|1|1|1|0|9|9|9|0
16T27|1|1|1|0|10|10|10|0
16T28|1|1|1|0|9|9|9|0
16T29|1|1|1|0|11|11|11|0
16T30|1|1|1|0|11|11|11|0
16T31|1|1|1|0|12|12|12|0
16T32|1|1|1|0|10|10|10|0
16T33|1|1|1|0|8|8|8|0
16T34|1|1|1|0|12|12|12|0
16T35|1|1|1|0|10|10|10|0
16T36|1|1|1|0|8|8|8|0
16T37|1|1|1|0|11|11|11|0
16T38|1|1|1|0|10|10|10|0
16T39|1|1|1|0|13|13|13|0
16T40|1|1|1|0|8|8|8|0
16T41|1|1|1|0|8|8|8|0
16T42|1|1|1|0|9|9|9|0
16T43|1|1|1|0|12|12|12|0
16T44|1|1|1|0|10|10|10|0
16T45|1|1|1|0|10|10|10|0
16T46|1|1|1|0|13|13|13|0
16T47|1|1|1|0|10|10|10|0
16T48|1|1|1|0|11|11|11|0
16T49|1|1|1|0|8|9|8|2
16T50|1|1|1|0|10|10|10|0
16T51|1|1|1|0|13|15|15|1
16T52|1|1|1|0|8|8|8|0
16T53|1|1|1|0|8|8|8|0
16T54|1|1|1|0|11|11|11|0
16T55|1|1|1|0|6|7|7|1
16T56|1|1|1|0|6|7|7|1
16T57|4|4|4|0|8|8|8|0
16T58|8|8|8|0|11|11|11|0
16T59|4|4|4|0|9|9|9|0
16T60|3|3|3|0|7|7|7|0
16T61|6|6|6|0|9|9|9|0
16T62|4|5|4|2|7|7|7|0
16T63|1|1|1|0|4|4|4|0
16T64|5|5|5|0|6|6|6|0
16T65|2|3|2|2|6|6|6|0
16T66|3|3|3|0|6|6|6|0
16T67|3|3|3|0|32|32|32|0
16T68|3|3|3|0|25|25|25|0
16T69|3|3|3|0|33|33|33|0
16T70|3|3|3|0|24|24|24|0
16T71|3|3|3|0|16|16|16|0
16T72|1|1|1|0|17|17|17|0
16T73|1|1|1|0|21|21|21|0
16T74|1|1|1|0|14|14|14|0
16T75|1|1|1|0|17|17|17|0
16T76|1|1|1|0|17|17|17|0
16T77|3|3|3|0|15|15|15|0
16T78|3|3|3|0|17|17|17|0
16T79|3|3|3|0|23|23|23|0
16T80|1|1|1|0|20|20|20|0
16T81|2|2|2|0|20|20|20|0
16T82|1|1|1|0|19|19|19|0
16T83|3|3|3|0|18|18|18|0
16T84|1|1|1|0|12|12|12|0
16T85|2|2|2|0|12|12|12|0
16T86|2|2|2|0|16|16|16|0
16T87|1|1|1|0|21|21|21|0
16T88|3|3|3|0|15|15|15|0
16T89|1|1|1|0|21|21|21|0
16T90|3|3|3|0|14|14|14|0
16T91|3|3|3|0|15|15|15|0
16T92|3|3|3|0|17|17|17|0
16T93|1|1|1|0|17|17|17|0
16T94|2|2|2|0|17|17|17|0
16T95|3|3|3|0|19|19|19|0
16T96|1|1|1|0|15|15|15|0
16T97|3|3|3|0|21|21|21|0
16T98|3|3|3|0|18|18|18|0
16T99|2|2|2|0|17|17|17|0
16T100|3|3|3|0|20|20|20|0
16T101|3|3|3|0|16|16|16|0
16T102|3|3|3|0|17|17|17|0
16T103|3|3|3|0|16|17|16|2
16T104|2|2|2|0|11|11|11|0
16T105|3|3|3|0|27|27|27|0
16T106|3|3|3|0|16|16|16|0
16T107|1|1|1|0|16|16|16|0
16T108|3|3|3|0|14|14|14|0
16T109|2|2|2|0|24|24|24|0
16T110|1|1|1|0|14|14|14|0
16T111|1|1|1|0|19|19|19|0
16T112|2|2|2|0|16|16|16|0
16T113|1|1|1|0|15|15|15|0
16T114|1|1|1|0|16|16|16|0
16T115|2|2|2|0|22|22|22|0
16T116|1|1|1|0|20|20|20|0
16T117|3|3|3|0|23|23|23|0
16T118|1|1|1|0|20|20|20|0
16T119|3|3|3|0|21|21|21|0
16T120|1|1|1|0|16|16|16|0
16T121|1|1|1|0|17|19|17|2
16T122|1|1|1|0|16|16|16|0
16T123|3|3|3|0|14|14|14|0
16T124|1|1|1|0|12|15|12|2
16T125|1|1|1|0|12|12|12|0
16T126|1|1|1|0|16|16|16|0
16T127|3|3|3|0|15|15|15|0
16T128|1|1|1|0|15|15|15|0
16T129|1|1|1|0|15|15|15|0
16T130|1|1|1|0|10|10|10|0
16T131|1|1|1|0|9|9|9|0
16T132|1|1|1|0|13|13|13|0
16T133|1|1|1|0|13|13|13|0
16T134|1|1|1|0|12|13|13|1
16T135|3|3|3|0|15|15|15|0
16T136|1|1|1|0|10|13|\N|\N
16T137|1|1|1|0|15|15|15|0
16T138|1|1|1|0|14|14|14|0
16T139|1|1|1|0|10|10|10|0
16T140|2|2|2|0|9|9|9|0
16T141|1|1|1|0|15|15|15|0
16T142|1|1|1|0|15|15|15|0
16T143|1|1|1|0|10|10|10|0
16T144|1|1|1|0|10|11|11|1
16T145|3|3|3|0|14|14|14|0
16T146|3|3|3|0|14|14|14|0
16T147|3|3|3|0|15|15|15|0
16T148|1|1|1|0|9|9|9|0
16T149|2|2|2|0|15|15|15|0
16T150|2|2|2|0|15|15|15|0
16T151|1|1|1|0|9|9|9|0
16T152|2|2|2|0|15|15|15|0
16T153|1|1|1|0|9|9|9|0
16T154|1|1|1|0|9|9|9|0
16T155|1|1|1|0|16|16|16|0
16T156|1|1|1|0|10|11|11|1
16T157|1|1|1|0|10|10|10|0
16T158|2|2|2|0|10|10|10|0
16T159|3|3|3|0|10|10|10|0
16T160|2|2|2|0|9|9|9|0
16T161|1|1|1|0|12|12|12|0
16T162|1|1|1|0|14|14|14|0
16T163|1|1|1|0|12|12|12|0
16T164|1|1|1|0|14|14|14|0
16T165|1|1|1|0|14|14|14|0
16T166|1|1|1|0|10|10|10|0
16T167|2|2|2|0|10|10|10|0
16T168|1|1|1|0|10|10|10|0
16T169|1|1|1|0|10|10|10|0
16T170|2|2|2|0|10|10|10|0
16T171|2|2|2|0|10|10|10|0
16T172|1|1|1|0|10|10|10|0
16T173|3|3|3|0|14|14|14|0
16T174|2|2|2|0|9|9|9|0
16T175|2|2|2|0|14|14|14|0
16T176|1|1|1|0|9|9|9|0
16T177|2|2|2|0|14|14|14|0
16T178|3|3|3|0|4|4|4|0
16T179|1|1|1|0|14|14|14|0
16T180|1|1|1|0|13|13|13|0
16T181|1|1|1|0|14|14|14|0
16T182|1|1|1|0|19|19|19|0
16T183|1|1|1|0|7|7|7|0
16T184|1|1|1|0|6|6|6|0
16T185|1|1|1|0|7|7|7|0
16T186|1|1|1|0|12|12|12|0
16T187|1|1|1|0|11|11|11|0
16T188|1|1|1|0|13|13|13|0
16T189|1|1|1|0|11|11|11|0
16T190|1|1|1|0|11|11|11|0
16T191|1|1|1|0|12|12|12|0
16T192|1|1|1|0|11|11|11|0
16T193|1|1|1|0|12|12|12|0
16T194|1|1|1|0|9|9|9|0
16T195|1|1|1|0|7|7|7|0
16T196|3|3|3|0|5|5|5|0
16T197|7|7|7|0|64|64|64|0
16T198|5|5|5|0|43|43|43|0
16T199|3|3|3|0|32|32|32|0
16T200|5|5|5|0|32|32|32|0
16T201|5|5|5|0|39|39|39|0
16T202|7|7|7|0|32|32|32|0
16T203|5|5|5|0|32|32|32|0
16T204|3|3|3|0|40|40|40|0
16T205|3|3|3|0|31|31|31|0
16T206|3|3|3|0|37|37|37|0
16T207|3|3|3|0|33|33|33|0
16T208|1|1|1|0|25|25|25|0
16T209|3|3|3|0|23|23|23|0
16T210|4|4|4|0|25|25|25|0
16T211|3|3|3|0|29|35|35|1
16T212|7|7|7|0|20|20|20|0
16T213|2|2|2|0|18|18|18|0
16T214|1|1|1|0|28|28|28|0
16T215|3|3|3|0|23|23|23|0
16T216|2|2|2|0|22|22|22|0
16T217|4|4|4|0|25|25|25|0
16T218|1|1|1|0|22|22|22|0
16T219|2|2|2|0|18|18|18|0
16T220|2|2|2|0|19|23|19|2
16T221|1|1|1|0|22|22|22|0
16T222|2|2|2|0|22|22|22|0
16T223|3|3|3|0|29|29|29|0
16T224|2|2|2|0|22|22|22|0
16T225|1|1|1|0|23|23|23|0
16T226|2|2|2|0|18|18|18|0
16T227|3|3|3|0|21|21|21|0
16T228|2|2|2|0|16|16|16|0
16T229|3|3|3|0|20|20|20|0
16T230|3|3|3|0|25|25|25|0
16T231|5|5|5|0|20|20|20|0
16T232|3|3|3|0|24|24|24|0
16T233|2|2|2|0|20|20|20|0
16T234|2|2|2|0|18|18|18|0
16T235|2|2|2|0|21|21|21|0
16T236|2|2|2|0|18|18|18|0
16T237|5|5|5|0|25|25|25|0
16T238|2|2|2|0|22|22|22|0
16T239|2|2|2|0|28|28|28|0
16T240|4|4|4|0|27|27|27|0
16T241|7|7|7|0|28|28|28|0
16T242|2|2|2|0|14|15|14|2
16T243|3|3|3|0|19|19|19|0
16T244|2|2|2|0|18|18|18|0
16T245|4|4|4|0|31|31|31|0
16T246|1|1|1|0|31|31|31|0
16T247|3|3|3|0|25|25|25|0
16T248|2|2|2|0|21|21|21|0
16T249|5|5|5|0|25|25|25|0
16T250|2|2|2|0|18|18|18|0
16T251|3|3|3|0|23|23|23|0
16T252|4|4|4|0|23|23|23|0
16T253|4|4|4|0|27|27|27|0
16T254|3|3|3|0|23|23|23|0
16T255|3|3|3|0|31|31|31|0
16T256|1|1|1|0|17|19|\N|\N
16T257|3|3|3|0|16|16|16|0
16T258|1|1|1|0|16|16|16|0
16T259|2|2|2|0|21|21|21|0
16T260|1|1|1|0|16|19|19|1
16T261|1|1|1|0|21|21|21|0
16T262|2|2|2|0|28|28|28|0
16T263|2|2|2|0|18|18|18|0
16T264|2|2|2|0|29|29|29|0
16T265|2|2|2|0|31|31|31|0
16T266|5|5|5|0|18|18|18|0
16T267|3|3|3|0|22|22|22|0
16T268|4|4|4|0|22|22|22|0
16T269|2|2|2|0|28|28|28|0
16T270|1|1|1|0|29|29|29|0
16T271|3|3|3|0|31|31|31|0
16T272|5|5|5|0|20|20|20|0
16T273|3|3|3|0|21|21|21|0
16T274|5|5|5|0|23|23|23|0
16T275|5|5|5|0|27|27|27|0
16T276|1|1|1|0|22|22|22|0
16T277|1|1|1|0|28|28|28|0
16T278|4|4|4|0|22|22|22|0
16T279|1|1|1|0|23|23|23|0
16T280|3|3|3|0|19|19|19|0
16T281|2|2|2|0|18|18|18|0
16T282|3|3|3|0|28|28|28|0
16T283|3|3|3|0|21|21|21|0
16T284|5|5|5|0|22|22|22|0
16T285|2|2|2|0|18|18|18|0
16T286|2|2|2|0|20|20|20|0
16T287|2|2|2|0|18|18|18|0
16T288|5|5|5|0|28|28|28|0
16T289|1|1|1|0|18|23|23|1
16T290|2|2|2|0|24|24|24|0
16T291|3|3|3|0|21|23|21|2
16T292|1|1|1|0|19|19|19|0
16T293|2|2|2|0|19|19|19|0
16T294|3|3|3|0|19|23|19|2
16T295|7|7|7|0|22|22|22|0
16T296|1|1|1|0|26|26|26|0
16T297|1|1|1|0|18|18|18|0
16T298|3|3|3|0|22|22|22|0
16T299|2|2|2|0|23|23|23|0
16T300|2|2|2|0|19|19|19|0
16T301|4|4|4|0|28|28|28|0
16T302|2|2|2|0|25|25|25|0
16T303|3|3|3|0|29|29|29|0
16T304|3|3|3|0|22|22|22|0
16T305|5|5|5|0|22|22|22|0
16T306|1|1|1|0|14|15|14|2
16T307|3|3|3|0|22|22|22|0
16T308|1|1|1|0|25|25|25|0
16T309|2|2|2|0|28|28|28|0
16T310|5|5|5|0|18|18|18|0
16T311|3|3|3|0|23|23|23|0
16T312|3|3|3|0|26|26|26|0
16T313|4|4|4|0|28|28|28|0
16T314|2|2|2|0|21|23|21|2
16T315|3|3|3|0|18|18|18|0
16T316|3|3|3|0|20|20|20|0
16T317|3|3|3|0|18|18|18|0
16T318|3|3|3|0|22|22|22|0
16T319|1|1|1|0|18|18|18|0
16T320|3|3|3|0|28|28|28|0
16T321|3|3|3|0|21|23|23|1
16T322|2|2|2|0|19|19|19|0
16T323|3|3|3|0|19|19|19|0
16T324|5|5|5|0|18|18|18|0
16T325|7|7|7|0|43|43|43|0
16T326|3|3|3|0|22|22|22|0
16T327|2|2|2|0|19|19|19|0
16T328|1|1|1|0|26|26|26|0
16T329|5|5|5|0|28|28|28|0
16T330|2|2|2|0|16|16|16|0
16T331|3|3|3|0|21|21|21|0
16T332|1|1|1|0|19|19|19|0
16T333|1|1|1|0|22|22|22|0
16T334|3|3|3|0|18|19|18|2
16T335|1|1|1|0|12|12|12|0
16T336|2|2|2|0|16|16|16|0
16T337|1|1|1|0|17|17|17|0
16T338|1|1|1|0|20|20|20|0
16T339|2|2|2|0|16|16|16|0
16T340|2|2|2|0|16|16|16|0
16T341|3|3|3|0|16|16|16|0
16T342|2|2|2|0|16|16|16|0
16T343|1|1|1|0|12|12|12|0
16T344|2|2|2|0|17|17|17|0
16T345|3|3|3|0|17|17|17|0
16T346|1|1|1|0|14|19|17|3
16T347|4|4|4|0|22|22|22|0
16T348|2|2|2|0|13|14|14|1
16T349|1|1|1|0|16|16|16|0
16T350|4|4|4|0|24|24|24|0
16T351|1|1|1|0|17|19|19|1
16T352|1|1|1|0|16|16|16|0
16T353|3|3|3|0|20|20|20|0
16T354|4|4|4|0|19|19|19|0
16T355|1|1|1|0|13|14|14|1
16T356|1|1|1|0|14|19|\N|\N
16T357|1|1|1|0|16|16|16|0
16T358|7|7|7|0|19|19|19|0
16T359|2|2|2|0|16|16|16|0
16T360|3|3|3|0|20|20|20|0
16T361|1|1|1|0|12|12|12|0
16T362|1|1|1|0|11|11|11|0
16T363|1|1|1|0|12|12|12|0
16T364|1|1|1|0|24|24|24|0
16T365|3|3|3|0|16|16|16|0
16T366|1|1|1|0|16|16|16|0
16T367|1|1|1|0|21|21|21|0
16T368|3|3|3|0|19|19|19|0
16T369|4|4|4|0|19|19|19|0
16T370|1|1|1|0|19|19|19|0
16T371|2|2|2|0|13|14|14|1
16T372|7|7|7|0|15|15|15|0
16T373|4|4|4|0|24|24|24|0
16T374|2|2|2|0|15|17|17|1
16T375|1|1|1|0|10|10|10|0
16T376|2|2|2|0|19|19|19|0
16T377|1|1|1|0|12|12|12|0
16T378|1|1|1|0|12|12|12|0
16T379|1|1|1|0|17|19|19|1
16T380|1|1|1|0|17|17|17|0
16T381|1|1|1|0|16|16|16|0
16T382|2|2|2|0|22|22|22|0
16T383|3|3|3|0|15|15|15|0
16T384|3|3|3|0|19|19|19|0
16T385|2|2|2|0|17|17|17|0
16T386|1|1|1|0|16|16|16|0
16T387|1|1|1|0|12|12|12|0
16T388|3|3|3|0|19|19|19|0
16T389|1|1|1|0|19|19|19|0
16T390|2|2|2|0|19|19|19|0
16T391|1|1|1|0|19|19|19|0
16T392|2|2|2|0|24|24|24|0
16T393|2|2|2|0|19|19|19|0
16T394|3|3|3|0|16|16|16|0
16T395|1|1|1|0|19|19|19|0
16T396|1|1|1|0|19|19|19|0
16T397|1|1|1|0|12|12|12|0
16T398|1|1|1|0|12|12|12|0
16T399|1|1|1|0|17|17|17|0
16T400|1|1|1|0|17|17|17|0
16T401|3|3|3|0|19|19|19|0
16T402|3|3|3|0|16|16|16|0
16T403|1|1|1|0|20|20|20|0
16T404|1|1|1|0|16|16|16|0
16T405|2|2|2|0|20|20|20|0
16T406|1|1|1|0|22|22|22|0
16T407|1|1|1|0|17|17|17|0
16T408|1|1|1|0|24|27|27|1
16T409|2|2|2|0|20|20|20|0
16T410|2|2|2|0|17|17|17|0
16T411|3|3|3|0|19|19|19|0
16T412|3|3|3|0|17|17|17|0
16T413|1|1|1|0|12|12|12|0
16T414|5|5|5|0|9|9|9|0
16T415|1|1|1|0|8|8|8|0
16T416|1|1|1|0|15|15|15|0
16T417|1|1|1|0|12|12|12|0
16T418|1|1|1|0|12|12|12|0
16T419|3|3|3|0|12|12|12|0
16T420|3|3|3|0|12|12|12|0
16T421|2|2|2|0|24|24|24|0
16T422|1|1|1|0|21|21|21|0
16T423|1|1|1|0|15|15|15|0
16T424|1|1|1|0|17|17|17|0
16T425|1|1|1|0|11|11|11|0
16T426|1|1|1|0|9|9|9|0
16T427|1|1|1|0|11|11|11|0
16T428|1|1|1|0|9|9|9|0
16T429|1|1|1|0|19|19|19|0
16T430|1|1|1|0|8|8|8|0
16T431|3|3|3|0|13|13|13|0
16T432|1|1|1|0|8|8|8|0
16T433|1|1|1|0|8|8|8|0
16T434|1|1|1|0|15|15|15|0
16T435|1|1|1|0|13|13|13|0
16T436|3|3|3|0|13|13|13|0
16T437|1|1|1|0|12|12|12|0
16T438|1|1|1|0|13|13|13|0
16T439|1|1|1|0|9|9|9|0
16T440|1|1|1|0|7|7|7|0
16T441|1|1|1|0|11|11|11|0
16T442|1|1|1|0|12|12|12|0
16T443|1|1|1|0|11|11|11|0
16T444|1|1|1|0|12|12|12|0
16T445|1|1|1|0|12|12|12|0
16T446|1|1|1|0|11|11|11|0
16T447|1|1|1|0|4|4|4|0
16T448|9|9|9|0|75|75|75|0
16T449|5|5|5|0|37|37|37|0
16T450|5|5|5|0|57|57|57|0
16T451|5|5|5|0|37|37|37|0
16T452|6|6|6|0|37|37|37|0
16T453|3|3|3|0|41|41|41|0
16T454|4|4|4|0|37|37|37|0
16T455|3|3|3|0|51|51|51|0
16T456|5|5|5|0|37|37|37|0
16T457|3|3|3|0|31|31|31|0
16T458|5|5|5|0|37|37|37|0
16T459|6|6|6|0|37|37|37|0
16T460|1|1|1|0|37|37|37|0
16T461|4|4|4|0|37|37|37|0
16T462|6|6|6|0|57|57|57|0
16T463|1|1|1|0|37|37|37|0
16T464|1|1|1|0|37|37|37|0
16T465|9|9|9|0|39|39|39|0
16T466|1|1|1|0|57|57|57|0
16T467|4|4|4|0|37|37|37|0
16T468|5|5|5|0|37|37|37|0
16T469|1|1|1|0|37|37|37|0
16T470|9|9|9|0|43|43|43|0
16T471|4|4|4|0|37|37|37|0
16T472|2|2|2|0|39|39|39|0
16T473|7|7|7|0|41|41|41|0
16T474|2|2|2|0|28|28|28|0
16T475|1|1|1|0|31|31|31|0
16T476|1|1|1|0|27|27|27|0
16T477|2|2|2|0|33|33|33|0
16T478|4|4|4|0|35|35|35|0
16T479|3|3|3|0|33|33|33|0
16T480|3|3|3|0|29|31|29|2
16T481|3|3|3|0|39|39|39|0
16T482|2|2|2|0|28|28|28|0
16T483|2|2|2|0|23|23|23|0
16T484|4|4|4|0|35|35|35|0
16T485|6|6|6|0|31|31|31|0
16T486|2|2|2|0|33|33|33|0
16T487|4|4|4|0|25|25|25|0
16T488|2|2|2|0|29|29|29|0
16T489|4|4|4|0|33|33|33|0
16T490|1|1|1|0|28|28|28|0
16T491|1|1|1|0|28|28|28|0
16T492|3|3|3|0|29|29|29|0
16T493|2|2|2|0|33|33|33|0
16T494|4|4|4|0|35|35|35|0
16T495|1|1|1|0|16|17|16|2
16T496|1|1|1|0|39|39|39|0
16T497|4|4|4|0|27|27|27|0
16T498|2|2|2|0|29|29|29|0
16T499|2|2|2|0|21|23|23|1
16T500|4|4|4|0|34|34|34|0
16T501|4|4|4|0|27|27|27|0
16T502|6|6|6|0|35|35|35|0
16T503|4|4|4|0|30|30|30|0
16T504|2|2|2|0|25|25|25|0
16T505|3|3|3|0|28|28|28|0
16T506|3|3|3|0|35|35|35|0
16T507|3|3|3|0|31|33|33|1
16T508|1|1|1|0|27|27|27|0
16T509|1|1|1|0|39|39|39|0
16T510|4|4|4|0|38|38|38|0
16T511|4|4|4|0|45|45|45|0
16T512|1|1|1|0|33|33|33|0
16T513|1|1|1|0|33|33|33|0
16T514|3|3|3|0|29|29|29|0
16T515|2|2|2|0|35|35|35|0
16T516|2|2|2|0|27|27|27|0
16T517|3|3|3|0|28|28|28|0
16T518|2|2|2|0|23|23|23|0
16T519|3|3|3|0|33|33|33|0
16T520|2|2|2|0|23|23|23|0
16T521|2|2|2|0|22|25|22|2
16T522|3|3|3|0|33|33|33|0
16T523|4|4|4|0|27|27|27|0
16T524|3|3|3|0|21|21|21|0
16T525|3|3|3|0|21|21|21|0
16T526|1|1|1|0|29|31|29|2
16T527|3|3|3|0|37|37|37|0
16T528|1|1|1|0|41|41|41|0
16T529|2|2|2|0|33|33|33|0
16T530|2|2|2|0|28|28|28|0
16T531|7|7|7|0|45|45|45|0
16T532|4|4|4|0|33|33|33|0
16T533|6|6|6|0|35|35|35|0
16T534|2|2|2|0|21|23|23|1
16T535|6|6|6|0|28|28|28|0
16T536|3|3|3|0|39|39|39|0
16T537|3|3|3|0|29|29|29|0
16T538|3|3|3|0|39|39|39|0
16T539|2|2|2|0|30|30|30|0
16T540|1|1|1|0|45|45|45|0
16T541|2|2|2|0|35|35|35|0
16T542|4|4|4|0|34|34|34|0
16T543|3|3|3|0|29|29|29|0
16T544|3|3|3|0|21|21|21|0
16T545|1|1|1|0|29|29|29|0
16T546|1|1|1|0|39|39|39|0
16T547|1|1|1|0|34|34|34|0
16T548|2|2|2|0|20|21|20|2
16T549|5|5|5|0|28|28|28|0
16T550|1|1|1|0|29|29|29|0
16T551|2|2|2|0|19|23|19|2
16T552|2|2|2|0|27|27|27|0
16T553|2|2|2|0|28|28|28|0
16T554|1|1|1|0|31|31|31|0
16T555|3|3|3|0|24|29|24|2
16T556|3|3|3|0|24|29|29|1
16T557|3|3|3|0|23|23|23|0
16T558|3|3|3|0|21|21|21|0
16T559|1|1|1|0|21|21|21|0
16T560|3|3|3|0|28|28|28|0
16T561|1|1|1|0|18|18|18|0
16T562|3|3|3|0|29|29|29|0
16T563|2|2|2|0|22|25|22|2
16T564|2|2|2|0|22|25|22|2
16T565|1|1|1|0|18|18|18|0
16T566|4|4|4|0|39|39|39|0
16T567|3|3|3|0|23|23|23|0
16T568|2|2|2|0|29|35|35|1
16T569|1|1|1|0|27|27|27|0
16T570|3|3|3|0|33|33|33|0
16T571|3|3|3|0|31|33|31|2
16T572|3|3|3|0|16|17|16|2
16T573|6|6|6|0|45|45|45|0
16T574|5|5|5|0|27|27|27|0
16T575|4|4|4|0|16|17|16|2
16T576|2|2|2|0|22|23|22|2
16T577|2|2|2|0|23|27|27|1
16T578|2|2|2|0|19|23|19|2
16T579|5|5|5|0|35|35|35|0
16T580|2|2|2|0|23|31|23|2
16T581|6|6|6|0|35|35|35|0
16T582|3|3|3|0|21|21|21|0
16T583|3|3|3|0|29|29|29|0
16T584|3|3|3|0|28|28|28|0
16T585|1|1|1|0|21|21|21|0
16T586|1|1|1|0|29|29|29|0
16T587|4|4|4|0|18|18|18|0
16T588|1|1|1|0|29|29|29|0
16T589|1|1|1|0|21|21|21|0
16T590|4|4|4|0|26|31|26|2
16T591|1|1|1|0|18|18|18|0
16T592|5|5|5|0|39|39|39|0
16T593|3|3|3|0|21|21|21|0
16T594|1|1|1|0|35|35|35|0
16T595|1|1|1|0|35|35|35|0
16T596|1|1|1|0|33|33|33|0
16T597|1|1|1|0|37|37|37|0
16T598|1|1|1|0|21|21|21|0
16T599|4|4|4|0|27|27|27|0
16T600|2|2|2|0|35|35|35|0
16T601|2|2|2|0|22|23|22|2
16T602|4|4|4|0|39|39|39|0
16T603|3|3|3|0|37|37|37|0
16T604|1|1|1|0|27|27|27|0
16T605|2|2|2|0|23|23|23|0
16T606|4|4|4|0|39|39|39|0
16T607|1|1|1|0|28|28|28|0
16T608|1|1|1|0|33|33|33|0
16T609|1|1|1|0|21|21|21|0
16T610|1|1|1|0|30|30|30|0
16T611|3|3|3|0|18|18|18|0
16T612|1|1|1|0|21|21|21|0
16T613|6|6|6|0|27|27|27|0
16T614|3|3|3|0|27|27|27|0
16T615|4|4|4|0|29|29|29|0
16T616|1|1|1|0|39|39|39|0
16T617|3|3|3|0|29|29|29|0
16T618|4|4|4|0|35|35|35|0
16T619|2|2|2|0|20|21|20|2
16T620|3|3|3|0|20|20|20|0
16T621|4|4|4|0|28|28|28|0
16T622|4|4|4|0|27|27|27|0
16T623|1|1|1|0|35|35|35|0
16T624|1|1|1|0|27|27|27|0
16T625|3|3|3|0|35|35|35|0
16T626|3|3|3|0|29|29|29|0
16T627|2|2|2|0|25|25|25|0
16T628|5|5|5|0|35|35|35|0
16T629|1|1|1|0|25|31|25|2
16T630|3|3|3|0|27|27|27|0
16T631|2|2|2|0|28|28|28|0
16T632|1|1|1|0|27|27|27|0
16T633|4|4|4|0|28|28|28|0
16T634|1|1|1|0|27|27|27|0
16T635|4|4|4|0|27|27|27|0
16T636|2|2|2|0|33|33|33|0
16T637|1|1|1|0|21|21|21|0
16T638|4|4|4|0|35|35|35|0
16T639|6|6|6|0|35|35|35|0
16T640|3|3|3|0|29|29|29|0
16T641|5|5|5|0|35|35|35|0
16T642|4|4|4|0|33|33|33|0
16T643|1|1|1|0|16|17|16|2
16T644|4|4|4|0|25|25|25|0
16T645|6|6|6|0|33|33|33|0
16T646|3|3|3|0|28|28|28|0
16T647|5|5|5|0|27|27|27|0
16T648|6|6|6|0|35|35|35|0
16T649|1|1|1|0|39|39|39|0
16T650|4|4|4|0|28|28|28|0
16T651|1|1|1|0|18|18|18|0
16T652|5|5|5|0|33|33|33|0
16T653|3|3|3|0|33|33|33|0
16T654|4|4|4|0|33|33|33|0
16T655|2|2|2|0|23|23|23|0
16T656|1|1|1|0|35|35|35|0
16T657|3|3|3|0|33|33|33|0
16T658|1|1|1|0|14|14|14|0
16T659|1|1|1|0|22|22|22|0
16T660|1|1|1|0|22|22|22|0
16T661|1|1|1|0|22|22|22|0
16T662|1|1|1|0|21|21|21|0
16T663|1|1|1|0|15|15|15|0
16T664|1|1|1|0|16|20|\N|\N
16T665|1|1|1|0|22|22|22|0
16T666|2|2|2|0|20|21|21|1
16T667|2|2|2|0|21|21|21|0
16T668|1|1|1|0|14|14|14|0
16T669|1|1|1|0|21|21|21|0
16T670|1|1|1|0|21|21|21|0
16T671|1|1|1|0|15|15|15|0
16T672|1|1|1|0|21|21|21|0
16T673|1|1|1|0|19|22|19|2
16T674|1|1|1|0|22|22|22|0
16T675|1|1|1|0|20|22|22|1
16T676|1|1|1|0|22|22|22|0
16T677|1|1|1|0|21|21|21|0
16T678|2|2|2|0|17|17|17|0
16T679|1|1|1|0|25|35|35|1
16T680|1|1|1|0|14|14|14|0
16T681|1|1|1|0|14|14|14|0
16T682|4|4|4|0|18|18|18|0
16T683|1|1|1|0|14|14|14|0
16T684|1|1|1|0|17|17|17|0
16T685|1|1|1|0|15|15|15|0
16T686|1|1|1|0|18|18|18|0
16T687|1|1|1|0|25|35|35|1
16T688|2|2|2|0|15|15|15|0
16T689|3|3|3|0|28|28|28|0
16T690|1|1|1|0|14|14|14|0
16T691|1|1|1|0|17|17|17|0
16T692|1|1|1|0|15|15|15|0
16T693|1|1|1|0|23|25|25|1
16T694|1|1|1|0|16|20|16|2
16T695|4|4|4|0|17|17|17|0
16T696|2|2|2|0|22|22|22|0
16T697|2|2|2|0|16|17|16|2
16T698|3|3|3|0|17|17|17|0
16T699|2|2|2|0|18|18|18|0
16T700|3|3|3|0|27|27|27|0
16T701|1|1|1|0|28|28|28|0
16T702|2|2|2|0|17|17|17|0
16T703|1|1|1|0|18|18|18|0
16T704|1|1|1|0|15|15|15|0
16T705|3|3|3|0|18|18|18|0
16T706|1|1|1|0|23|25|25|1
16T707|1|1|1|0|27|27|27|0
16T708|1|1|1|0|9|9|9|0
16T709|1|1|1|0|14|14|14|0
16T710|1|1|1|0|13|15|15|1
16T711|1|1|1|0|8|8|8|0
16T712|4|4|4|0|9|9|9|0
16T713|3|3|3|0|7|7|7|0
16T714|4|4|4|0|9|9|9|0
16T715|2|2|2|0|7|7|7|0
16T716|3|3|3|0|17|17|17|0
16T717|1|1|1|0|19|19|19|0
16T718|3|3|3|0|29|29|29|0
16T719|3|3|3|0|22|22|22|0
16T720|2|2|2|0|17|17|17|0
16T721|2|2|2|0|17|17|17|0
16T722|1|1|1|0|23|23|23|0
16T723|1|1|1|0|17|17|17|0
16T724|2|2|2|0|27|27|27|0
16T725|2|2|2|0|21|21|21|0
16T726|2|2|2|0|14|14|14|0
16T727|1|1|1|0|13|13|13|0
16T728|2|2|2|0|14|14|14|0
16T729|1|1|1|0|20|20|20|0
16T730|1|1|1|0|14|14|14|0
16T731|1|1|1|0|15|15|15|0
16T732|1|1|1|0|16|16|16|0
16T733|3|3|3|0|14|14|14|0
16T734|1|1|1|0|13|13|13|0
16T735|1|1|1|0|14|14|14|0
16T736|2|2|2|0|19|19|19|0
16T737|1|1|1|0|17|17|17|0
16T738|3|3|3|0|21|21|21|0
16T739|1|1|1|0|22|22|22|0
16T740|1|1|1|0|16|16|16|0
16T741|1|1|1|0|25|25|25|0
16T742|1|1|1|0|20|20|20|0
16T743|1|1|1|0|19|19|19|0
16T744|1|1|1|0|19|19|19|0
16T745|3|3|3|0|14|14|14|0
16T746|3|3|3|0|14|14|14|0
16T747|2|2|2|0|25|25|25|0
16T748|1|1|1|0|19|19|19|0
16T749|2|2|2|0|16|16|16|0
16T750|1|1|1|0|21|21|21|0
16T751|3|3|3|0|21|21|21|0
16T752|1|1|1|0|19|19|19|0
16T753|1|1|1|0|15|15|15|0
16T754|1|1|1|0|21|21|21|0
16T755|2|2|2|0|15|15|15|0
16T756|1|1|1|0|21|21|21|0
16T757|1|1|1|0|15|15|15|0
16T758|2|2|2|0|15|15|15|0
16T759|1|1|1|0|16|16|16|0
16T760|1|1|1|0|15|15|15|0
16T761|2|2|2|0|14|14|14|0
16T762|1|1|1|0|21|21|21|0
16T763|2|2|2|0|22|22|22|0
16T764|1|1|1|0|21|21|21|0
16T765|3|3|3|0|26|26|26|0
16T766|2|2|2|0|15|15|15|0
16T767|2|2|2|0|15|15|15|0
16T768|1|1|1|0|15|15|15|0
16T769|1|1|1|0|9|9|9|0
16T770|1|1|1|0|18|18|18|0
16T771|1|1|1|0|14|14|14|0
16T772|2|2|2|0|14|14|14|0
16T773|1|1|1|0|12|12|12|0
16T774|1|1|1|0|15|15|15|0
16T775|2|2|2|0|14|14|14|0
16T776|2|2|2|0|11|11|11|0
16T777|1|1|1|0|7|7|7|0
16T778|5|5|5|0|53|53|53|0
16T779|1|1|1|0|51|51|51|0
16T780|1|1|1|0|53|53|53|0
16T781|1|1|1|0|53|53|53|0
16T782|4|4|4|0|67|67|67|0
16T783|1|1|1|0|67|67|67|0
16T784|4|4|4|0|51|51|51|0
16T785|7|7|7|0|53|53|53|0
16T786|6|6|6|0|53|53|53|0
16T787|1|1|1|0|53|53|53|0
16T788|1|1|1|0|53|53|53|0
16T789|6|6|6|0|53|53|53|0
16T790|4|4|4|0|53|53|53|0
16T791|1|1|1|0|53|53|53|0
16T792|5|5|5|0|53|53|53|0
16T793|7|7|7|0|51|51|51|0
16T794|3|3|3|0|67|67|67|0
16T795|4|4|4|0|67|67|67|0
16T796|1|1|1|0|67|67|67|0
16T797|3|3|3|0|53|53|53|0
16T798|6|6|6|0|67|67|67|0
16T799|1|1|1|0|53|53|53|0
16T800|5|5|5|0|67|67|67|0
16T801|3|3|3|0|51|51|51|0
16T802|1|1|1|0|51|51|51|0
16T803|1|1|1|0|51|51|51|0
16T804|1|1|1|0|67|67|67|0
16T805|1|1|1|0|59|59|59|0
16T806|1|1|1|0|55|55|55|0
16T807|1|1|1|0|79|79|79|0
16T808|7|7|7|0|67|67|67|0
16T809|7|7|7|0|67|67|67|0
16T810|1|1|1|0|53|53|53|0
16T811|1|1|1|0|22|22|22|0
16T812|1|1|1|0|33|33|33|0
16T813|1|1|1|0|28|28|28|0
16T814|2|2|2|0|27|27|27|0
16T815|2|2|2|0|34|34|34|0
16T816|2|2|2|0|27|27|27|0
16T817|2|2|2|0|22|22|22|0
16T818|4|4|4|0|52|52|52|0
16T819|6|6|6|0|52|52|52|0
16T820|2|2|2|0|34|34|34|0
16T821|1|1|1|0|34|34|34|0
16T822|1|1|1|0|33|33|33|0
16T823|3|3|3|0|33|33|33|0
16T824|4|4|4|0|33|33|33|0
16T825|1|1|1|0|29|29|29|0
16T826|1|1|1|0|29|29|29|0
16T827|5|5|5|0|52|52|52|0
16T828|1|1|1|0|20|21|20|2
16T829|3|3|3|0|29|29|29|0
16T830|5|5|5|0|34|34|34|0
16T831|1|1|1|0|32|32|32|0
16T832|1|1|1|0|23|23|23|0
16T833|1|1|1|0|28|28|28|0
16T834|3|3|3|0|32|32|32|0
16T835|3|3|3|0|34|34|34|0
16T836|1|1|1|0|22|22|22|0
16T837|5|5|5|0|50|50|50|0
16T838|1|1|1|0|54|54|54|0
16T839|4|4|4|0|50|50|50|0
16T840|1|1|1|0|22|22|22|0
16T841|2|2|2|0|22|22|22|0
16T842|4|4|4|0|38|38|38|0
16T843|5|5|5|0|52|52|52|0
16T844|1|1|1|0|33|33|33|0
16T845|1|1|1|0|36|42|42|1
16T846|1|1|1|0|34|34|34|0
16T847|3|3|3|0|34|34|34|0
16T848|1|1|1|0|34|34|34|0
16T849|1|1|1|0|29|31|31|1
16T850|1|1|1|0|52|52|52|0
16T851|2|2|2|0|30|30|30|0
16T852|3|3|3|0|34|34|34|0
16T853|1|1|1|0|28|28|28|0
16T854|3|3|3|0|29|29|29|0
16T855|1|1|1|0|34|34|34|0
16T856|1|1|1|0|33|33|33|0
16T857|3|3|3|0|38|38|38|0
16T858|1|1|1|0|27|27|27|0
16T859|1|1|1|0|27|27|27|0
16T860|3|3|3|0|52|52|52|0
16T861|1|1|1|0|52|52|52|0
16T862|1|1|1|0|32|32|32|0
16T863|5|5|5|0|34|34|34|0
16T864|3|3|3|0|34|34|34|0
16T865|4|4|4|0|34|34|34|0
16T866|2|2|2|0|42|42|42|0
16T867|3|3|3|0|33|33|33|0
16T868|3|3|3|0|52|52|52|0
16T869|1|1|1|0|34|34|34|0
16T870|3|3|3|0|42|42|42|0
16T871|2|2|2|0|34|35|35|1
16T872|4|4|4|0|23|23|23|0
16T873|2|2|2|0|36|36|36|0
16T874|4|4|4|0|28|28|28|0
16T875|3|3|3|0|23|23|23|0
16T876|1|1|1|0|46|54|54|1
16T877|1|1|1|0|50|50|50|0
16T878|1|1|1|0|52|52|52|0
16T879|1|1|1|0|52|52|52|0
16T880|2|2|2|0|43|43|43|0
16T881|1|1|1|0|34|34|34|0
16T882|3|3|3|0|30|30|30|0
16T883|1|1|1|0|40|54|54|1
16T884|1|1|1|0|34|34|34|0
16T885|1|1|1|0|30|32|30|2
16T886|1|1|1|0|52|52|52|0
16T887|1|1|1|0|34|34|34|0
16T888|1|1|1|0|35|47|35|2
16T889|1|1|1|0|33|35|35|1
16T890|3|3|3|0|36|36|36|0
16T891|1|1|1|0|24|24|24|0
16T892|2|2|2|0|31|35|35|1
16T893|1|1|1|0|42|42|42|0
16T894|1|1|1|0|43|51|51|1
16T895|3|3|3|0|33|33|33|0
16T896|1|1|1|0|33|33|33|0
16T897|5|5|5|0|32|32|32|0
16T898|1|1|1|0|35|47|35|2
16T899|2|2|2|0|34|35|35|1
16T900|1|1|1|0|32|32|32|0
16T901|3|3|3|0|22|22|22|0
16T902|6|6|6|0|58|58|58|0
16T903|1|1|1|0|59|59|59|0
16T904|1|1|1|0|29|29|29|0
16T905|1|1|1|0|43|43|43|0
16T906|2|2|2|0|31|31|31|0
16T907|7|7|7|0|58|58|58|0
16T908|1|1|1|0|50|50|50|0
16T909|2|2|2|0|43|45|45|1
16T910|1|1|1|0|29|29|29|0
16T911|1|1|1|0|51|51|51|0
16T912|7|7|7|0|40|40|40|0
16T913|1|1|1|0|38|38|38|0
16T914|3|3|3|0|20|21|20|2
16T915|1|1|1|0|33|33|33|0
16T916|1|1|1|0|29|29|29|0
16T917|1|1|1|0|22|22|22|0
16T918|3|3|3|0|28|28|28|0
16T919|1|1|1|0|64|64|64|0
16T920|1|1|1|0|33|33|33|0
16T921|1|1|1|0|32|32|32|0
16T922|1|1|1|0|31|31|31|0
16T923|1|1|1|0|23|23|23|0
16T924|4|4|4|0|22|22|22|0
16T925|1|1|1|0|51|51|51|0
16T926|1|1|1|0|33|33|33|0
16T927|1|1|1|0|29|29|29|0
16T928|1|1|1|0|34|42|42|1
16T929|2|2|2|0|25|28|25|2
16T930|4|4|4|0|33|33|33|0
16T931|1|1|1|0|38|38|38|0
16T932|1|1|1|0|20|21|20|2
16T933|3|3|3|0|33|33|33|0
16T934|1|1|1|0|21|21|21|0
16T935|1|1|1|0|50|50|50|0
16T936|2|2|2|0|23|24|24|1
16T937|2|2|2|0|26|26|26|0
16T938|6|6|6|0|40|40|40|0
16T939|5|5|5|0|34|34|34|0
16T940|6|6|6|0|40|40|40|0
16T941|3|3|3|0|25|28|25|2
16T942|2|2|2|0|26|26|26|0
16T943|3|3|3|0|26|26|26|0
16T944|1|1|1|0|22|22|22|0
16T945|2|2|2|0|33|33|33|0
16T946|2|2|2|0|33|33|33|0
16T947|2|2|2|0|23|25|25|1
16T948|1|1|1|0|28|28|28|0
16T949|3|3|3|0|36|36|36|0
16T950|3|3|3|0|28|28|28|0
16T951|2|2|2|0|34|34|34|0
16T952|1|1|1|0|22|22|22|0
16T953|1|1|1|0|27|27|27|0
16T954|3|3|3|0|22|22|22|0
16T955|3|3|3|0|22|22|22|0
16T956|4|4|4|0|36|36|36|0
16T957|2|2|2|0|23|25|25|1
16T958|2|2|2|0|28|28|28|0
16T959|1|1|1|0|25|25|25|0
16T960|4|4|4|0|36|36|36|0
16T961|3|3|3|0|30|33|30|2
16T962|1|1|1|0|32|32|32|0
16T963|1|1|1|0|27|27|27|0
16T964|5|5|5|0|42|42|42|0
16T965|4|4|4|0|36|36|36|0
16T966|1|1|1|0|36|36|36|0
16T967|1|1|1|0|25|25|25|0
16T968|2|2|2|0|28|28|28|0
16T969|6|6|6|0|42|42|42|0
16T970|1|1|1|0|26|26|26|0
16T971|3|3|3|0|27|27|27|0
16T972|1|1|1|0|27|27|27|0
16T973|4|4|4|0|28|28|28|0
16T974|2|2|2|0|28|28|28|0
16T975|2|2|2|0|28|28|28|0
16T976|3|3|3|0|32|37|37|1
16T977|3|3|3|0|34|37|37|1
16T978|5|5|5|0|26|26|26|0
16T979|1|1|1|0|27|27|27|0
16T980|2|2|2|0|32|32|32|0
16T981|5|5|5|0|26|26|26|0
16T982|1|1|1|0|36|36|36|0
16T983|3|3|3|0|35|35|35|0
16T984|2|2|2|0|36|36|36|0
16T985|2|2|2|0|36|36|36|0
16T986|2|2|2|0|30|33|30|2
16T987|3|3|3|0|32|32|32|0
16T988|1|1|1|0|32|32|32|0
16T989|2|2|2|0|26|27|27|1
16T990|1|1|1|0|22|22|22|0
16T991|1|1|1|0|28|28|28|0
16T992|1|1|1|0|22|22|22|0
16T993|1|1|1|0|26|26|26|0
16T994|1|1|1|0|25|25|25|0
16T995|3|3|3|0|26|26|26|0
16T996|1|1|1|0|36|36|36|0
16T997|3|3|3|0|34|34|34|0
16T998|2|2|2|0|32|32|32|0
16T999|1|1|1|0|22|22|22|0
16T1000|1|1|1|0|26|26|26|0
16T1001|1|1|1|0|26|27|27|1
16T1002|5|5|5|0|32|32|32|0
16T1003|2|2|2|0|25|25|25|0
16T1004|2|2|2|0|23|26|26|1
16T1005|1|1|1|0|25|25|25|0
16T1006|2|2|2|0|31|38|38|1
16T1007|1|1|1|0|22|22|22|0
16T1008|1|1|1|0|28|28|28|0
16T1009|1|1|1|0|26|26|26|0
16T1010|1|1|1|0|27|27|27|0
16T1011|2|2|2|0|26|28|28|1
16T1012|1|1|1|0|32|32|32|0
16T1013|1|1|1|0|28|28|28|0
16T1014|1|1|1|0|28|28|28|0
16T1015|1|1|1|0|20|20|20|0
16T1016|3|3|3|0|26|26|26|0
16T1017|3|3|3|0|32|32|32|0
16T1018|2|2|2|0|23|26|26|1
16T1019|4|4|4|0|22|22|22|0
16T1020|1|1|1|0|31|31|31|0
16T1021|1|1|1|0|35|35|35|0
16T1022|1|1|1|0|25|25|25|0
16T1023|1|1|1|0|36|36|36|0
16T1024|1|1|1|0|20|20|20|0
16T1025|5|5|5|0|40|40|40|0
16T1026|4|4|4|0|22|22|22|0
16T1027|2|3|2|2|16|19|16|2
16T1028|2|3|3|1|19|19|19|0
16T1029|1|1|1|0|11|11|11|0
16T1030|1|1|1|0|10|10|10|0
16T1031|2|2|2|0|10|10|10|0
16T1032|2|3|3|1|15|15|15|0
16T1033|2|2|2|0|24|24|24|0
16T1034|3|3|3|0|15|15|15|0
16T1035|1|1|1|0|15|15|15|0
16T1036|1|1|1|0|10|10|10|0
16T1037|1|1|1|0|35|35|35|0
16T1038|1|1|1|0|25|25|25|0
16T1039|3|3|3|0|31|31|31|0
16T1040|1|1|1|0|25|25|25|0
16T1041|2|2|2|0|16|16|16|0
16T1042|3|3|3|0|31|31|31|0
16T1043|1|1|1|0|25|25|25|0
16T1044|1|1|1|0|31|31|31|0
16T1045|1|1|1|0|39|39|39|0
16T1046|1|1|1|0|33|33|33|0
16T1047|3|3|3|0|30|30|30|0
16T1048|2|2|2|0|30|30|30|0
16T1049|4|4|4|0|30|30|30|0
16T1050|1|1|1|0|31|31|31|0
16T1051|3|3|3|0|30|30|30|0
16T1052|3|3|3|0|42|42|42|0
16T1053|4|4|4|0|37|37|37|0
16T1054|3|3|3|0|30|30|30|0
16T1055|4|4|4|0|42|42|42|0
16T1056|2|2|2|0|30|30|30|0
16T1057|1|1|1|0|31|31|31|0
16T1058|2|2|2|0|30|30|30|0
16T1059|3|3|3|0|19|19|19|0
16T1060|1|1|1|0|22|22|22|0
16T1061|1|1|1|0|18|21|18|2
16T1062|1|1|1|0|22|22|22|0
16T1063|1|1|1|0|23|23|23|0
16T1064|1|1|1|0|20|21|20|2
16T1065|2|2|2|0|19|19|19|0
16T1066|1|1|1|0|30|30|30|0
16T1067|1|1|1|0|22|22|22|0
16T1068|3|3|3|0|29|29|29|0
16T1069|1|1|1|0|18|21|18|2
16T1070|1|1|1|0|18|18|18|0
16T1071|3|3|3|0|31|31|31|0
16T1072|1|1|1|0|16|16|16|0
16T1073|1|1|1|0|14|14|14|0
16T1074|1|1|1|0|13|13|13|0
16T1075|1|1|1|0|9|9|9|0
16T1076|1|1|1|0|5|5|5|0
16T1077|1|1|1|0|12|12|12|0
16T1078|1|1|1|0|17|17|17|0
16T1079|1|1|1|0|9|10|10|1
16T1080|1|1|1|0|7|7|7|0
16T1081|1|1|1|0|9|9|9|0
16T1082|7|7|7|0|99|99|99|0
16T1083|1|1|1|0|99|99|99|0
16T1084|1|1|1|0|99|99|99|0
16T1085|1|1|1|0|46|46|46|0
16T1086|3|3|3|0|88|88|88|0
16T1087|1|1|1|0|99|99|99|0
16T1088|1|1|1|0|46|46|46|0
16T1089|1|1|1|0|53|53|53|0
16T1090|1|1|1|0|55|55|55|0
16T1091|1|1|1|0|46|46|46|0
16T1092|1|1|1|0|55|55|55|0
16T1093|1|1|1|0|99|99|99|0
16T1094|3|3|3|0|46|46|46|0
16T1095|3|3|3|0|53|53|53|0
16T1096|1|1|1|0|55|55|55|0
16T1097|1|1|1|0|46|46|46|0
16T1098|3|3|3|0|99|99|99|0
16T1099|1|1|1|0|55|55|55|0
16T1100|1|1|1|0|88|88|88|0
16T1101|1|1|1|0|53|53|53|0
16T1102|5|5|5|0|55|55|55|0
16T1103|1|1|1|0|53|53|53|0
16T1104|1|1|1|0|53|53|53|0
16T1105|1|1|1|0|88|88|88|0
16T1106|1|1|1|0|42|57|42|2
16T1107|1|1|1|0|63|63|63|0
16T1108|1|1|1|0|43|45|45|1
16T1109|1|1|1|0|32|34|32|2
16T1110|1|1|1|0|37|37|37|0
16T1111|1|1|1|0|50|50|50|0
16T1112|1|1|1|0|40|45|45|1
16T1113|1|1|1|0|44|44|44|0
16T1114|1|1|1|0|36|36|36|0
16T1115|1|1|1|0|50|50|50|0
16T1116|1|1|1|0|75|75|75|0
16T1117|1|1|1|0|37|37|37|0
16T1118|1|1|1|0|41|41|41|0
16T1119|1|1|1|0|51|51|51|0
16T1120|1|1|1|0|47|57|47|2
16T1121|1|1|1|0|63|63|63|0
16T1122|2|2|2|0|36|36|36|0
16T1123|2|2|2|0|50|50|50|0
16T1124|6|6|6|0|60|60|60|0
16T1125|3|3|3|0|53|53|53|0
16T1126|1|1|1|0|51|51|51|0
16T1127|1|1|1|0|57|57|57|0
16T1128|1|1|1|0|53|53|53|0
16T1129|5|5|5|0|50|50|50|0
16T1130|6|6|6|0|51|51|51|0
16T1131|1|1|1|0|51|51|51|0
16T1132|3|3|3|0|38|40|38|2
16T1133|1|1|1|0|33|33|33|0
16T1134|1|1|1|0|40|40|40|0
16T1135|1|1|1|0|38|40|38|2
16T1136|2|2|2|0|50|50|50|0
16T1137|1|1|1|0|40|40|40|0
16T1138|1|1|1|0|23|26|23|2
16T1139|1|1|1|0|50|52|52|1
16T1140|1|1|1|0|57|59|59|1
16T1141|3|3|3|0|44|44|44|0
16T1142|1|1|1|0|55|55|55|0
16T1143|1|1|1|0|51|51|51|0
16T1144|1|1|1|0|39|39|39|0
16T1145|1|1|1|0|37|37|37|0
16T1146|6|6|6|0|41|41|41|0
16T1147|2|2|2|0|23|26|23|2
16T1148|2|2|2|0|60|60|60|0
16T1149|1|1|1|0|44|44|44|0
16T1150|1|1|1|0|23|26|23|2
16T1151|1|1|1|0|60|65|65|1
16T1152|3|3|3|0|105|105|105|0
16T1153|1|1|1|0|33|40|33|2
16T1154|1|1|1|0|37|37|37|0
16T1155|1|1|1|0|30|30|30|0
16T1156|1|1|1|0|47|51|51|1
16T1157|1|1|1|0|36|36|36|0
16T1158|1|1|1|0|44|44|44|0
16T1159|1|1|1|0|50|50|50|0
16T1160|1|1|1|0|42|42|42|0
16T1161|1|1|1|0|37|37|37|0
16T1162|2|2|2|0|40|40|40|0
16T1163|1|1|1|0|43|43|43|0
16T1164|1|1|1|0|37|37|37|0
16T1165|1|1|1|0|50|59|59|1
16T1166|1|1|1|0|57|64|64|1
16T1167|3|3|3|0|50|50|50|0
16T1168|1|1|1|0|44|44|44|0
16T1169|6|6|6|0|50|50|50|0
16T1170|1|1|1|0|43|43|43|0
16T1171|6|6|6|0|63|63|63|0
16T1172|1|1|1|0|50|50|50|0
16T1173|1|1|1|0|40|40|40|0
16T1174|1|1|1|0|63|63|63|0
16T1175|2|2|2|0|36|36|36|0
16T1176|1|1|1|0|37|37|37|0
16T1177|1|1|1|0|75|75|75|0
16T1178|1|1|1|0|63|63|63|0
16T1179|1|1|1|0|55|55|55|0
16T1180|5|5|5|0|60|60|60|0
16T1181|1|1|1|0|48|48|48|0
16T1182|1|1|1|0|55|55|55|0
16T1183|3|3|3|0|51|51|51|0
16T1184|3|3|3|0|33|40|33|2
16T1185|1|1|1|0|44|44|44|0
16T1186|1|1|1|0|40|47|47|1
16T1187|7|7|7|0|55|55|55|0
16T1188|1|1|1|0|47|47|47|0
16T1189|3|3|3|0|60|60|60|0
16T1190|1|1|1|0|57|57|57|0
16T1191|3|3|3|0|50|50|50|0
16T1192|1|1|1|0|50|79|50|2
16T1193|1|1|1|0|48|48|48|0
16T1194|4|4|4|0|30|30|30|0
16T1195|4|4|4|0|50|50|50|0
16T1196|1|1|1|0|41|41|41|0
16T1197|4|4|4|0|39|39|39|0
16T1198|3|3|3|0|37|37|37|0
16T1199|1|1|1|0|23|26|23|2
16T1200|2|2|2|0|40|40|40|0
16T1201|1|1|1|0|37|37|37|0
16T1202|1|1|1|0|66|85|85|1
16T1203|1|1|1|0|39|39|39|0
16T1204|2|2|2|0|23|26|23|2
16T1205|1|1|1|0|33|40|33|2
16T1206|1|1|1|0|51|51|51|0
16T1207|1|1|1|0|33|33|33|0
16T1208|1|1|1|0|51|51|51|0
16T1209|1|1|1|0|36|36|36|0
16T1210|4|4|4|0|33|33|33|0
16T1211|1|1|1|0|55|59|59|1
16T1212|1|1|1|0|37|37|37|0
16T1213|1|1|1|0|50|50|50|0
16T1214|1|1|1|0|41|41|41|0
16T1215|1|1|1|0|37|37|37|0
16T1216|1|1|1|0|30|30|30|0
16T1217|1|1|1|0|30|30|30|0
16T1218|1|1|1|0|53|53|53|0
16T1219|1|1|1|0|47|47|47|0
16T1220|2|2|2|0|50|50|50|0
16T1221|5|5|5|0|47|47|47|0
16T1222|1|1|1|0|32|34|32|2
16T1223|4|4|4|0|30|30|30|0
16T1224|3|3|3|0|83|83|83|0
16T1225|1|1|1|0|50|51|51|1
16T1226|4|4|4|0|60|60|60|0
16T1227|1|1|1|0|38|40|38|2
16T1228|2|2|2|0|60|60|60|0
16T1229|5|5|5|0|37|37|37|0
16T1230|1|1|1|0|51|51|51|0
16T1231|1|1|1|0|63|63|63|0
16T1232|1|1|1|0|37|37|37|0
16T1233|1|1|1|0|33|40|33|2
16T1234|1|1|1|0|60|60|60|0
16T1235|1|1|1|0|44|44|44|0
16T1236|3|3|3|0|40|40|40|0
16T1237|1|1|1|0|47|47|47|0
16T1238|2|2|2|0|53|53|53|0
16T1239|1|1|1|0|38|40|38|2
16T1240|1|1|1|0|44|46|46|1
16T1241|2|2|2|0|50|50|50|0
16T1242|2|2|2|0|37|37|37|0
16T1243|1|1|1|0|23|26|23|2
16T1244|1|1|1|0|30|30|30|0
16T1245|2|2|2|0|53|53|53|0
16T1246|2|2|2|0|37|37|37|0
16T1247|1|1|1|0|33|40|33|2
16T1248|2|2|2|0|24|25|24|2
16T1249|2|2|2|0|28|28|28|0
16T1250|2|2|2|0|24|25|24|2
16T1251|1|1|1|0|27|27|27|0
16T1252|1|1|1|0|36|36|36|0
16T1253|2|2|2|0|40|40|40|0
16T1254|2|2|2|0|36|36|36|0
16T1255|1|1|1|0|24|25|24|2
16T1256|5|5|5|0|36|36|36|0
16T1257|1|1|1|0|28|28|28|0
16T1258|1|1|1|0|24|25|24|2
16T1259|3|3|3|0|36|37|37|1
16T1260|1|1|1|0|36|36|36|0
16T1261|2|2|2|0|36|37|37|1
16T1262|2|2|2|0|38|38|38|0
16T1263|1|1|1|0|24|24|24|0
16T1264|1|1|1|0|24|25|24|2
16T1265|1|1|1|0|40|40|40|0
16T1266|2|2|2|0|40|40|40|0
16T1267|2|2|2|0|36|36|36|0
16T1268|1|1|1|0|40|40|40|0
16T1269|1|1|1|0|23|23|23|0
16T1270|4|4|4|0|36|36|36|0
16T1271|1|1|1|0|40|40|40|0
16T1272|2|2|2|0|28|28|28|0
16T1273|1|1|1|0|36|36|36|0
16T1274|1|1|1|0|28|28|28|0
16T1275|5|5|5|0|40|40|40|0
16T1276|4|4|4|0|40|40|40|0
16T1277|1|1|1|0|24|24|24|0
16T1278|1|1|1|0|24|24|24|0
16T1279|1|1|1|0|28|28|28|0
16T1280|3|3|3|0|38|38|38|0
16T1281|1|1|1|0|24|24|24|0
16T1282|1|1|1|0|40|40|40|0
16T1283|1|1|1|0|28|28|28|0
16T1284|1|1|1|0|24|25|24|2
16T1285|1|1|1|0|36|36|36|0
16T1286|4|5|5|1|29|35|35|1
16T1287|3|3|3|0|21|21|21|0
16T1288|3|3|3|0|31|31|31|0
16T1289|3|3|3|0|25|25|25|0
16T1290|3|3|3|0|21|21|21|0
16T1291|2|3|3|1|22|27|27|1
16T1292|2|2|2|0|19|19|19|0
16T1293|2|3|3|1|23|23|23|0
16T1294|1|1|1|0|19|19|19|0
16T1295|3|3|3|0|19|19|19|0
16T1296|3|3|3|0|19|19|19|0
16T1297|2|2|2|0|16|18|18|1
16T1298|1|1|1|0|61|61|61|0
16T1299|3|3|3|0|27|27|27|0
16T1300|3|3|3|0|26|26|26|0
16T1301|4|4|4|0|47|47|47|0
16T1302|1|1|1|0|19|19|19|0
16T1303|2|2|2|0|30|30|30|0
16T1304|2|2|2|0|30|30|30|0
16T1305|1|1|1|0|39|39|39|0
16T1306|3|3|3|0|30|30|30|0
16T1307|3|3|3|0|30|30|30|0
16T1308|1|1|1|0|29|29|29|0
16T1309|1|1|1|0|30|30|30|0
16T1310|1|1|1|0|28|30|30|1
16T1311|1|1|1|0|28|28|28|0
16T1312|2|2|2|0|31|31|31|0
16T1313|2|2|2|0|28|28|28|0
16T1314|2|2|2|0|31|31|31|0
16T1315|3|3|3|0|27|27|27|0
16T1316|1|1|1|0|28|28|28|0
16T1317|2|2|2|0|23|23|23|0
16T1318|3|3|3|0|31|31|31|0
16T1319|1|1|1|0|24|24|24|0
16T1320|1|1|1|0|26|26|26|0
16T1321|2|2|2|0|31|31|31|0
16T1322|4|4|4|0|38|38|38|0
16T1323|2|2|2|0|31|31|31|0
16T1324|3|3|3|0|38|38|38|0
16T1325|2|2|2|0|26|26|26|0
16T1326|1|1|1|0|20|20|20|0
16T1327|1|1|1|0|31|31|31|0
16T1328|1|1|1|0|17|17|17|0
16T1329|2|2|2|0|11|11|11|0
16T1330|2|2|2|0|68|68|68|0
16T1331|2|2|2|0|97|97|97|0
16T1332|3|3|3|0|169|169|169|0
16T1333|2|2|2|0|69|69|69|0
16T1334|2|2|2|0|97|97|97|0
16T1335|4|4|4|0|69|69|69|0
16T1336|5|5|5|0|97|97|97|0
16T1337|1|1|1|0|97|97|97|0
16T1338|1|1|1|0|97|97|97|0
16T1339|2|2|2|0|69|69|69|0
16T1340|3|3|3|0|118|118|118|0
16T1341|1|1|1|0|76|76|76|0
16T1342|2|2|2|0|71|71|71|0
16T1343|2|2|2|0|41|41|41|0
16T1344|1|1|1|0|63|63|63|0
16T1345|2|2|2|0|43|43|43|0
16T1346|1|1|1|0|52|52|52|0
16T1347|1|1|1|0|70|70|70|0
16T1348|1|1|1|0|76|76|76|0
16T1349|1|1|1|0|76|76|76|0
16T1350|1|1|1|0|67|67|67|0
16T1351|1|1|1|0|46|46|46|0
16T1352|2|2|2|0|94|94|94|0
16T1353|1|1|1|0|56|56|56|0
16T1354|1|1|1|0|52|52|52|0
16T1355|2|2|2|0|42|42|42|0
16T1356|2|2|2|0|64|64|64|0
16T1357|1|1|1|0|59|59|59|0
16T1358|2|2|2|0|51|51|51|0
16T1359|2|2|2|0|41|41|41|0
16T1360|1|1|1|0|56|56|56|0
16T1361|1|1|1|0|56|65|65|1
16T1362|1|1|1|0|51|51|51|0
16T1363|1|1|1|0|67|67|67|0
16T1364|2|2|2|0|41|41|41|0
16T1365|2|2|2|0|41|41|41|0
16T1366|1|1|1|0|76|76|76|0
16T1367|2|2|2|0|70|70|70|0
16T1368|2|2|2|0|71|71|71|0
16T1369|5|5|5|0|76|76|76|0
16T1370|4|4|4|0|51|51|51|0
16T1371|1|1|1|0|34|34|34|0
16T1372|4|4|4|0|45|45|45|0
16T1373|2|2|2|0|56|65|65|1
16T1374|2|2|2|0|42|42|42|0
16T1375|1|1|1|0|51|51|51|0
16T1376|1|1|1|0|43|43|43|0
16T1377|2|2|2|0|42|42|42|0
16T1378|1|1|1|0|94|94|94|0
16T1379|1|1|1|0|64|64|64|0
16T1380|1|1|1|0|69|69|69|0
16T1381|5|5|5|0|67|67|67|0
16T1382|1|1|1|0|71|71|71|0
16T1383|2|2|2|0|59|59|59|0
16T1384|1|1|1|0|94|105|105|1
16T1385|2|2|2|0|64|64|64|0
16T1386|2|2|2|0|42|42|42|0
16T1387|1|1|1|0|69|69|69|0
16T1388|1|1|1|0|64|83|83|1
16T1389|2|2|2|0|69|69|69|0
16T1390|2|2|2|0|31|33|31|2
16T1391|4|4|4|0|52|52|52|0
16T1392|4|4|4|0|71|71|71|0
16T1393|2|2|2|0|42|42|42|0
16T1394|2|2|2|0|63|63|63|0
16T1395|1|1|1|0|31|33|31|2
16T1396|1|1|1|0|34|34|34|0
16T1397|1|1|1|0|56|63|63|1
16T1398|1|1|1|0|64|64|64|0
16T1399|1|1|1|0|31|33|31|2
16T1400|3|3|3|0|70|70|70|0
16T1401|1|1|1|0|43|43|43|0
16T1402|2|2|2|0|42|42|42|0
16T1403|2|2|2|0|69|69|69|0
16T1404|2|2|2|0|45|45|45|0
16T1405|3|3|3|0|41|41|41|0
16T1406|5|5|5|0|56|56|56|0
16T1407|2|2|2|0|59|59|59|0
16T1408|1|1|1|0|69|69|69|0
16T1409|1|1|1|0|52|52|52|0
16T1410|3|3|3|0|69|69|69|0
16T1411|1|1|1|0|46|46|46|0
16T1412|2|2|2|0|70|70|70|0
16T1413|1|1|1|0|56|56|56|0
16T1414|5|5|5|0|59|59|59|0
16T1415|2|2|2|0|67|67|67|0
16T1416|2|2|2|0|63|63|63|0
16T1417|1|1|1|0|76|76|76|0
16T1418|2|2|2|0|38|38|38|0
16T1419|2|2|2|0|67|67|67|0
16T1420|4|4|4|0|63|63|63|0
16T1421|1|1|1|0|71|71|71|0
16T1422|2|2|2|0|46|46|46|0
16T1423|1|1|1|0|52|52|52|0
16T1424|4|4|4|0|51|51|51|0
16T1425|3|3|3|0|56|65|65|1
16T1426|1|1|1|0|52|52|52|0
16T1427|3|3|3|0|34|34|34|0
16T1428|3|3|3|0|41|41|41|0
16T1429|2|2|2|0|56|65|65|1
16T1430|1|1|1|0|54|59|59|1
16T1431|2|2|2|0|51|51|51|0
16T1432|1|1|1|0|74|104|104|1
16T1433|1|1|1|0|63|63|63|0
16T1434|1|1|1|0|52|52|52|0
16T1435|2|2|2|0|45|45|45|0
16T1436|2|2|2|0|52|52|52|0
16T1437|1|1|1|0|59|59|59|0
16T1438|1|1|1|0|54|54|54|0
16T1439|2|2|2|0|72|72|72|0
16T1440|1|1|1|0|38|38|38|0
16T1441|1|1|1|0|34|34|34|0
16T1442|1|1|1|0|50|50|50|0
16T1443|1|1|1|0|54|54|54|0
16T1444|1|1|1|0|36|36|36|0
16T1445|2|2|2|0|72|72|72|0
16T1446|1|1|1|0|50|50|50|0
16T1447|1|1|1|0|38|38|38|0
16T1448|1|1|1|0|34|34|34|0
16T1449|2|2|2|0|36|36|36|0
16T1450|1|1|1|0|38|38|38|0
16T1451|1|1|1|0|38|38|38|0
16T1452|3|3|3|0|50|50|50|0
16T1453|1|1|1|0|59|59|59|0
16T1454|1|1|1|0|50|50|50|0
16T1455|1|1|1|0|36|36|36|0
16T1456|1|1|1|0|50|50|50|0
16T1457|1|1|1|0|44|44|44|0
16T1458|1|1|1|0|54|54|54|0
16T1459|1|1|1|0|50|50|50|0
16T1460|1|1|1|0|34|34|34|0
16T1461|1|1|1|0|72|72|72|0
16T1462|4|4|4|0|50|50|50|0
16T1463|4|4|4|0|54|54|54|0
16T1464|1|1|1|0|36|36|36|0
16T1465|4|4|4|0|38|38|38|0
16T1466|1|1|1|0|54|54|54|0
16T1467|1|1|1|0|59|59|59|0
16T1468|1|1|1|0|52|52|52|0
16T1469|3|3|3|0|34|34|34|0
16T1470|1|1|1|0|44|44|44|0
16T1471|1|1|1|0|38|38|38|0
16T1472|1|1|1|0|72|72|72|0
16T1473|1|1|1|0|50|50|50|0
16T1474|1|1|1|0|38|38|38|0
16T1475|1|1|1|0|36|36|36|0
16T1476|1|1|1|0|38|38|38|0
16T1477|1|1|1|0|60|74|74|1
16T1478|1|1|1|0|50|50|50|0
16T1479|4|4|4|0|44|44|44|0
16T1480|1|1|1|0|57|68|68|1
16T1481|5|5|5|0|59|59|59|0
16T1482|1|1|1|0|34|34|34|0
16T1483|1|1|1|0|38|38|38|0
16T1484|1|1|1|0|52|52|52|0
16T1485|2|2|2|0|36|36|36|0
16T1486|4|4|4|0|50|50|50|0
16T1487|3|3|3|0|34|34|34|0
16T1488|1|1|1|0|50|50|50|0
16T1489|3|3|3|0|38|38|38|0
16T1490|4|4|4|0|38|38|38|0
16T1491|3|3|3|0|38|38|38|0
16T1492|1|1|1|0|19|19|19|0
16T1493|4|4|4|0|39|39|39|0
16T1494|1|1|1|0|39|39|39|0
16T1495|5|5|5|0|35|35|35|0
16T1496|4|4|4|0|34|34|34|0
16T1497|1|1|1|0|34|34|34|0
16T1498|5|5|5|0|45|45|45|0
16T1499|2|2|2|0|21|21|21|0
16T1500|2|3|3|1|31|34|34|1
16T1501|1|1|1|0|12|12|12|0
16T1502|1|1|1|0|14|14|14|0
16T1503|1|1|1|0|13|13|13|0
16T1504|1|1|1|0|19|19|19|0
16T1505|1|1|1|0|12|12|12|0
16T1506|1|1|1|0|12|12|12|0
16T1507|1|1|1|0|12|12|12|0
16T1508|1|1|1|0|10|10|10|0
16T1509|3|3|3|0|49|49|49|0
16T1510|1|1|1|0|49|49|49|0
16T1511|1|1|1|0|31|31|31|0
16T1512|3|3|3|0|31|31|31|0
16T1513|1|1|1|0|49|49|49|0
16T1514|1|1|1|0|32|32|32|0
16T1515|3|3|3|0|61|61|61|0
16T1516|1|1|1|0|41|41|41|0
16T1517|1|1|1|0|38|38|38|0
16T1518|1|1|1|0|36|36|36|0
16T1519|4|4|4|0|47|47|47|0
16T1520|1|1|1|0|45|45|45|0
16T1521|1|1|1|0|44|44|44|0
16T1522|3|3|3|0|33|33|33|0
16T1523|1|1|1|0|44|44|44|0
16T1524|2|2|2|0|33|33|33|0
16T1525|3|3|3|0|45|45|45|0
16T1526|1|1|1|0|57|57|57|0
16T1527|1|1|1|0|38|38|38|0
16T1528|1|1|1|0|33|33|33|0
16T1529|1|1|1|0|35|35|35|0
16T1530|1|1|1|0|45|45|45|0
16T1531|2|2|2|0|44|44|44|0
16T1532|3|3|3|0|44|44|44|0
16T1533|4|4|4|0|44|44|44|0
16T1534|4|4|4|0|44|44|44|0
16T1535|3|3|3|0|44|44|44|0
16T1536|1|1|1|0|38|38|38|0
16T1537|1|1|1|0|59|59|59|0
16T1538|1|1|1|0|59|59|59|0
16T1539|2|2|2|0|44|44|44|0
16T1540|1|1|1|0|33|33|33|0
16T1541|1|1|1|0|41|41|41|0
16T1542|2|2|2|0|29|29|29|0
16T1543|1|1|1|0|29|29|29|0
16T1544|1|1|1|0|28|28|28|0
16T1545|1|1|1|0|41|41|41|0
16T1546|1|1|1|0|29|29|29|0
16T1547|4|4|4|0|132|132|132|0
16T1548|4|4|4|0|84|84|84|0
16T1549|4|4|4|0|75|75|75|0
16T1550|4|4|4|0|84|84|84|0
16T1551|4|4|4|0|84|84|84|0
16T1552|2|2|2|0|87|87|87|0
16T1553|2|2|2|0|105|105|105|0
16T1554|2|2|2|0|45|53|45|2
16T1555|3|3|3|0|105|105|105|0
16T1556|2|2|2|0|93|93|93|0
16T1557|4|4|4|0|78|78|78|0
16T1558|2|2|2|0|93|93|93|0
16T1559|2|2|2|0|87|87|87|0
16T1560|2|2|2|0|78|78|78|0
16T1561|1|1|1|0|87|87|87|0
16T1562|2|2|2|0|78|78|78|0
16T1563|2|2|2|0|68|68|68|0
16T1564|2|2|2|0|83|83|83|0
16T1565|2|2|2|0|100|100|100|0
16T1566|3|3|3|0|83|83|83|0
16T1567|1|1|1|0|105|118|118|1
16T1568|3|3|3|0|64|64|64|0
16T1569|1|1|1|0|93|93|93|0
16T1570|2|2|2|0|49|50|49|2
16T1571|2|2|2|0|100|100|100|0
16T1572|2|2|2|0|54|54|54|0
16T1573|3|3|3|0|68|68|68|0
16T1574|1|1|1|0|80|80|80|0
16T1575|2|2|2|0|57|57|57|0
16T1576|4|4|4|0|100|100|100|0
16T1577|1|1|1|0|83|83|83|0
16T1578|2|2|2|0|64|64|64|0
16T1579|2|2|2|0|68|68|68|0
16T1580|2|2|2|0|90|90|90|0
16T1581|4|4|4|0|93|93|93|0
16T1582|2|2|2|0|64|64|64|0
16T1583|2|2|2|0|72|72|72|0
16T1584|3|3|3|0|64|64|64|0
16T1585|2|2|2|0|59|61|59|2
16T1586|2|2|2|0|105|105|105|0
16T1587|3|3|3|0|68|68|68|0
16T1588|2|2|2|0|90|90|90|0
16T1589|1|1|1|0|80|80|80|0
16T1590|1|1|1|0|105|105|105|0
16T1591|4|4|4|0|123|123|123|0
16T1592|2|2|2|0|68|68|68|0
16T1593|2|2|2|0|123|123|123|0
16T1594|2|2|2|0|72|72|72|0
16T1595|3|3|3|0|76|76|76|0
16T1596|2|2|2|0|59|61|59|2
16T1597|2|2|2|0|80|80|80|0
16T1598|3|3|3|0|53|53|53|0
16T1599|3|3|3|0|49|50|49|2
16T1600|3|3|3|0|54|54|54|0
16T1601|2|2|2|0|45|53|45|2
16T1602|4|4|4|0|80|80|80|0
16T1603|2|2|2|0|54|54|54|0
16T1604|1|1|1|0|64|64|64|0
16T1605|2|2|2|0|123|123|123|0
16T1606|3|3|3|0|57|57|57|0
16T1607|2|2|2|0|45|53|45|2
16T1608|3|3|3|0|72|72|72|0
16T1609|3|3|3|0|87|87|87|0
16T1610|3|3|3|0|59|61|59|2
16T1611|2|2|2|0|57|57|57|0
16T1612|2|2|2|0|53|53|53|0
16T1613|2|2|2|0|80|80|80|0
16T1614|3|3|3|0|57|57|57|0
16T1615|2|2|2|0|45|53|45|2
16T1616|1|1|1|0|87|87|87|0
16T1617|2|2|2|0|68|68|68|0
16T1618|2|2|2|0|53|53|53|0
16T1619|3|3|3|0|68|68|68|0
16T1620|3|3|3|0|54|54|54|0
16T1621|3|3|3|0|68|68|68|0
16T1622|2|2|2|0|54|54|54|0
16T1623|2|2|2|0|68|68|68|0
16T1624|1|1|1|0|93|93|93|0
16T1625|3|3|3|0|68|68|68|0
16T1626|4|4|4|0|90|90|90|0
16T1627|2|2|2|0|49|50|49|2
16T1628|2|2|2|0|54|54|54|0
16T1629|2|2|2|0|68|68|68|0
16T1630|3|3|3|0|45|53|45|2
16T1631|2|2|2|0|64|64|64|0
16T1632|3|3|3|0|68|68|68|0
16T1633|2|2|2|0|57|57|57|0
16T1634|2|2|2|0|57|57|57|0
16T1635|3|3|3|0|45|53|45|2
16T1636|1|1|1|0|58|58|58|0
16T1637|2|2|2|0|60|60|60|0
16T1638|1|1|1|0|70|70|70|0
16T1639|3|3|3|0|58|58|58|0
16T1640|1|1|1|0|53|53|53|0
16T1641|1|1|1|0|58|58|58|0
16T1642|1|1|1|0|70|70|70|0
16T1643|1|1|1|0|60|60|60|0
16T1644|1|1|1|0|53|53|53|0
16T1645|3|3|3|0|53|53|53|0
16T1646|2|2|2|0|70|70|70|0
16T1647|1|1|1|0|60|60|60|0
16T1648|1|1|1|0|64|64|64|0
16T1649|2|2|2|0|22|22|22|0
16T1650|2|2|2|0|25|25|25|0
16T1651|1|1|1|0|35|35|35|0
16T1652|1|1|1|0|28|28|28|0
16T1653|2|2|2|0|15|15|15|0
16T1654|1|1|1|0|10|10|10|0
16T1655|1|1|1|0|47|47|47|0
16T1656|2|2|2|0|54|54|54|0
16T1657|1|1|1|0|54|61|61|1
16T1658|1|1|1|0|54|54|54|0
16T1659|1|1|1|0|77|77|77|0
16T1660|1|1|1|0|65|65|65|0
16T1661|1|1|1|0|51|51|51|0
16T1662|1|1|1|0|40|40|40|0
16T1663|1|1|1|0|77|77|77|0
16T1664|3|3|3|0|104|104|104|0
16T1665|3|3|3|0|77|77|77|0
16T1666|1|1|1|0|62|62|62|0
16T1667|3|3|3|0|51|51|51|0
16T1668|1|1|1|0|64|64|64|0
16T1669|2|2|2|0|40|40|40|0
16T1670|1|1|1|0|40|40|40|0
16T1671|1|1|1|0|64|64|64|0
16T1672|1|1|1|0|40|40|40|0
16T1673|1|1|1|0|48|48|48|0
16T1674|1|1|1|0|48|54|54|1
16T1675|3|3|3|0|51|51|51|0
16T1676|1|1|1|0|52|52|52|0
16T1677|1|1|1|0|54|54|54|0
16T1678|1|1|1|0|54|59|59|1
16T1679|1|1|1|0|51|60|60|1
16T1680|3|3|3|0|54|54|54|0
16T1681|1|1|1|0|57|57|57|0
16T1682|1|1|1|0|51|51|51|0
16T1683|2|2|2|0|52|52|52|0
16T1684|1|1|1|0|41|41|41|0
16T1685|2|2|2|0|36|36|36|0
16T1686|1|1|1|0|77|77|77|0
16T1687|1|1|1|0|36|36|36|0
16T1688|1|1|1|0|36|36|36|0
16T1689|1|1|1|0|36|36|36|0
16T1690|1|1|1|0|41|41|41|0
16T1691|1|1|1|0|36|36|36|0
16T1692|2|2|2|0|36|36|36|0
16T1693|1|1|1|0|11|13|13|1
16T1694|1|1|1|0|17|17|17|0
16T1695|4|4|4|0|151|151|151|0
16T1696|1|1|1|0|151|151|151|0
16T1697|5|5|5|0|151|151|151|0
16T1698|3|3|3|0|74|74|74|0
16T1699|3|3|3|0|82|82|82|0
16T1700|3|3|3|0|103|103|103|0
16T1701|3|3|3|0|118|118|118|0
16T1702|3|3|3|0|79|90|90|1
16T1703|1|1|1|0|121|121|121|0
16T1704|3|3|3|0|74|74|74|0
16T1705|5|5|5|0|121|121|121|0
16T1706|3|3|3|0|78|78|78|0
16T1707|1|1|1|0|103|103|103|0
16T1708|2|2|2|0|151|151|151|0
16T1709|2|2|2|0|82|82|82|0
16T1710|3|3|3|0|100|100|100|0
16T1711|2|2|2|0|103|103|103|0
16T1712|2|2|2|0|79|90|90|1
16T1713|3|3|3|0|74|74|74|0
16T1714|3|3|3|0|100|100|100|0
16T1715|3|3|3|0|78|78|78|0
16T1716|4|4|4|0|121|121|121|0
16T1717|1|1|1|0|82|82|82|0
16T1718|3|3|3|0|86|86|86|0
16T1719|1|1|1|0|151|151|151|0
16T1720|4|4|4|0|109|109|109|0
16T1721|3|3|3|0|109|109|109|0
16T1722|1|1|1|0|79|90|90|1
16T1723|1|1|1|0|105|105|105|0
16T1724|3|3|3|0|100|100|100|0
16T1725|3|3|3|0|74|74|74|0
16T1726|1|1|1|0|109|109|109|0
16T1727|3|3|3|0|86|86|86|0
16T1728|3|3|3|0|151|151|151|0
16T1729|3|3|3|0|105|105|105|0
16T1730|3|3|3|0|78|78|78|0
16T1731|3|3|3|0|86|86|86|0
16T1732|4|4|4|0|105|105|105|0
16T1733|3|3|3|0|74|74|74|0
16T1734|3|3|3|0|74|74|74|0
16T1735|2|2|2|0|71|71|71|0
16T1736|3|3|3|0|71|71|71|0
16T1737|2|2|2|0|71|71|71|0
16T1738|2|2|2|0|71|71|71|0
16T1739|3|3|3|0|93|93|93|0
16T1740|3|3|3|0|71|71|71|0
16T1741|2|2|2|0|93|93|93|0
16T1742|2|2|2|0|80|80|80|0
16T1743|2|2|2|0|71|71|71|0
16T1744|2|2|2|0|93|93|93|0
16T1745|3|3|3|0|80|80|80|0
16T1746|2|2|2|0|80|80|80|0
16T1747|1|1|1|0|35|35|35|0
16T1748|1|1|1|0|26|31|26|2
16T1749|1|1|1|0|29|29|29|0
16T1750|3|3|3|0|39|39|39|0
16T1751|1|1|1|0|34|34|34|0
16T1752|1|1|1|0|44|44|44|0
16T1753|1|1|1|0|20|20|20|0
16T1754|2|2|2|0|46|46|46|0
16T1755|2|2|2|0|57|57|57|0
16T1756|1|1|1|0|72|72|72|0
16T1757|2|2|2|0|92|92|92|0
16T1758|1|1|1|0|92|104|104|1
16T1759|1|1|1|0|92|92|92|0
16T1760|1|1|1|0|60|60|60|0
16T1761|1|1|1|0|60|60|60|0
16T1762|2|2|2|0|71|71|71|0
16T1763|1|1|1|0|73|73|73|0
16T1764|2|2|2|0|60|60|60|0
16T1765|1|1|1|0|73|73|73|0
16T1766|2|2|2|0|48|49|48|2
16T1767|2|2|2|0|60|60|60|0
16T1768|1|1|1|0|20|20|20|0
16T1769|1|1|1|0|219|219|219|0
16T1770|3|3|3|0|127|127|127|0
16T1771|1|1|1|0|184|184|184|0
16T1772|4|4|4|0|147|147|147|0
16T1773|4|4|4|0|127|127|127|0
16T1774|1|1|1|0|120|120|120|0
16T1775|1|1|1|0|135|135|135|0
16T1776|1|1|1|0|127|127|127|0
16T1777|3|3|3|0|120|120|120|0
16T1778|1|1|1|0|147|147|147|0
16T1779|4|4|4|0|135|135|135|0
16T1780|3|3|3|0|135|135|135|0
16T1781|3|3|3|0|147|147|147|0
16T1782|4|4|4|0|120|120|120|0
16T1783|1|1|1|0|46|54|54|1
16T1784|1|1|1|0|40|40|40|0
16T1785|1|1|1|0|40|40|40|0
16T1786|1|1|1|0|58|58|58|0
16T1787|1|1|1|0|40|40|40|0
16T1788|1|1|1|0|20|20|20|0
16T1789|1|1|1|0|44|44|44|0
16T1790|1|1|1|0|39|39|39|0
16T1791|1|1|1|0|56|65|65|1
16T1792|1|1|1|0|40|40|40|0
16T1793|1|1|1|0|64|64|64|0
16T1794|1|1|1|0|26|26|26|0
16T1795|1|1|1|0|41|41|41|0
16T1796|1|1|1|0|40|40|40|0
16T1797|1|1|1|0|39|39|39|0
16T1798|1|1|1|0|16|35|35|1
16T1799|1|1|1|0|12|12|12|0
16T1800|1|1|1|0|23|23|23|0
16T1801|2|2|2|0|29|29|29|0
16T1802|2|2|2|0|24|24|24|0
16T1803|1|1|1|0|27|27|27|0
16T1804|2|2|2|0|27|27|27|0
16T1805|1|1|1|0|27|27|27|0
16T1806|1|1|1|0|73|73|73|0
16T1807|2|2|2|0|63|63|63|0
16T1808|2|2|2|0|90|90|90|0
16T1809|2|2|2|0|73|73|73|0
16T1810|1|1|1|0|73|73|73|0
16T1811|3|3|3|0|73|73|73|0
16T1812|2|2|2|0|63|63|63|0
16T1813|2|2|2|0|70|70|70|0
16T1814|1|1|1|0|81|81|81|0
16T1815|2|2|2|0|87|87|87|0
16T1816|2|2|2|0|67|67|67|0
16T1817|2|2|2|0|67|67|67|0
16T1818|2|2|2|0|67|67|67|0
16T1819|1|1|1|0|40|41|41|1
16T1820|1|1|1|0|25|29|25|2
16T1821|1|1|1|0|\N|\N|\N|\N
16T1822|1|1|1|0|\N|\N|\N|\N
16T1823|1|1|1|0|\N|\N|\N|\N
16T1824|2|2|2|0|\N|\N|\N|\N
16T1825|2|2|2|0|\N|\N|\N|\N
16T1826|1|1|1|0|\N|\N|\N|\N
16T1827|1|1|1|0|\N|\N|\N|\N
16T1828|1|1|1|0|\N|\N|\N|\N
16T1829|1|1|1|0|\N|\N|\N|\N
16T1830|2|2|2|0|\N|\N|\N|\N
16T1831|2|2|2|0|75|75|75|0
16T1832|1|1|1|0|56|56|56|0
16T1833|1|1|1|0|35|35|35|0
16T1834|1|1|1|0|65|65|65|0
16T1835|1|1|1|0|56|56|56|0
16T1836|1|1|1|0|70|70|70|0
16T1837|1|1|1|0|70|70|70|0
16T1838|2|2|2|0|21|21|21|0
16T1839|2|2|2|0|23|23|23|0
16T1840|1|1|1|0|12|12|12|0
16T1841|1|1|1|0|32|32|32|0
16T1842|1|1|1|0|32|32|32|0
16T1843|1|1|1|0|32|32|32|0
16T1844|1|1|1|0|34|34|34|0
16T1845|1|1|1|0|114|114|114|0
16T1846|1|1|1|0|115|115|115|0
16T1847|3|3|3|0|102|102|102|0
16T1848|1|1|1|0|115|115|115|0
16T1849|1|1|1|0|102|102|102|0
16T1850|2|2|2|0|102|102|102|0
16T1851|2|2|2|0|115|115|115|0
16T1852|3|3|3|0|115|115|115|0
16T1853|1|1|1|0|44|44|44|0
16T1854|1|1|1|0|64|64|64|0
16T1855|1|1|1|0|40|40|40|0
16T1856|1|1|1|0|40|40|40|0
16T1857|1|1|1|0|46|46|46|0
16T1858|1|1|1|0|39|39|39|0
16T1859|1|1|1|0|28|28|28|0
16T1860|2|3|3|1|23|28|28|1
16T1861|\N|\N|\N|\N|20|20|20|0
16T1862|\N|\N|\N|\N|99|135|135|1
16T1863|\N|\N|\N|\N|78|79|79|1
16T1864|\N|\N|\N|\N|118|118|118|0
16T1865|\N|\N|\N|\N|74|74|74|0
16T1866|\N|\N|\N|\N|74|74|74|0
16T1867|\N|\N|\N|\N|100|100|100|0
16T1868|\N|\N|\N|\N|103|103|103|0
16T1869|\N|\N|\N|\N|71|71|71|0
16T1870|\N|\N|\N|\N|78|82|82|1
16T1871|\N|\N|\N|\N|\N|\N|\N|\N
16T1872|\N|\N|\N|\N|\N|\N|\N|\N
16T1873|\N|\N|\N|\N|\N|\N|\N|\N
16T1874|\N|\N|\N|\N|\N|\N|\N|\N
16T1875|\N|\N|\N|\N|\N|\N|\N|\N
16T1876|\N|\N|\N|\N|\N|\N|\N|\N
16T1877|\N|\N|\N|\N|\N|\N|\N|\N
16T1878|\N|\N|\N|\N|\N|\N|\N|\N
16T1879|\N|\N|\N|\N|\N|\N|\N|\N
16T1880|\N|\N|\N|\N|\N|\N|\N|\N
16T1881|1|1|1|0|42|42|42|0
16T1882|2|2|2|0|24|24|24|0
16T1883|2|2|2|0|32|32|32|0
16T1884|3|3|3|0|135|135|135|0
16T1885|3|3|3|0|120|120|120|0
16T1886|2|2|2|0|135|135|135|0
16T1887|1|1|1|0|147|151|151|1
16T1888|2|2|2|0|120|120|120|0
16T1889|1|1|1|0|127|127|127|0
16T1890|2|3|3|1|74|104|104|1
16T1891|2|2|2|0|\N|\N|\N|\N
16T1892|2|3|3|1|\N|\N|\N|\N
16T1893|2|3|3|1|\N|\N|\N|\N
16T1894|2|2|2|0|\N|\N|\N|\N
16T1895|1|1|1|0|\N|\N|\N|\N
16T1896|2|2|2|0|\N|\N|\N|\N
16T1897|2|3|3|1|\N|\N|\N|\N
16T1898|2|2|2|0|\N|\N|\N|\N
16T1899|1|1|1|0|\N|\N|\N|\N
16T1900|1|1|1|0|\N|\N|\N|\N
16T1901|1|1|1|0|44|44|44|0
16T1902|1|1|1|0|53|53|53|0
16T1903|1|1|1|0|44|44|44|0
16T1904|2|2|2|0|44|44|44|0
16T1905|1|1|1|0|229|229|229|0
16T1906|1|1|1|0|21|21|21|0
16T1907|3|3|3|0|64|64|64|0
16T1908|3|3|3|0|83|83|83|0
16T1909|2|2|2|0|87|87|87|0
16T1910|2|3|3|1|105|118|118|1
16T1911|3|3|3|0|105|105|105|0
16T1912|3|3|3|0|87|87|87|0
16T1913|2|2|2|0|70|70|70|0
16T1914|1|1|1|0|65|65|65|0
16T1915|2|2|2|0|60|60|60|0
16T1916|1|1|1|0|74|74|74|0
16T1917|2|3|3|1|54|61|61|1
16T1918|2|2|2|0|65|65|65|0
16T1919|2|2|2|0|40|40|40|0
16T1920|2|3|3|1|56|76|76|1
16T1921|5|5|5|0|\N|\N|\N|\N
16T1922|3|3|3|0|\N|\N|\N|\N
16T1923|3|3|3|0|\N|\N|\N|\N
16T1924|3|3|3|0|\N|\N|\N|\N
16T1925|4|4|4|0|\N|\N|\N|\N
16T1926|4|4|4|0|\N|\N|\N|\N
16T1927|5|5|5|0|\N|\N|\N|\N
16T1928|3|3|3|0|\N|\N|\N|\N
16T1929|2|3|3|1|\N|\N|\N|\N
16T1930|2|2|2|0|\N|\N|\N|\N
16T1931|4|4|4|0|\N|\N|\N|\N
16T1932|1|1|1|0|\N|\N|\N|\N
16T1933|4|4|4|0|\N|\N|\N|\N
16T1934|4|4|4|0|\N|\N|\N|\N
16T1935|4|4|4|0|\N|\N|\N|\N
16T1936|1|1|1|0|\N|\N|\N|\N
16T1937|3|3|3|0|\N|\N|\N|\N
16T1938|1|1|1|0|\N|\N|\N|\N
16T1939|1|1|1|0|\N|\N|\N|\N
16T1940|1|1|1|0|\N|\N|\N|\N
16T1941|1|1|1|0|114|114|114|0
16T1942|3|3|3|0|115|115|115|0
16T1943|3|3|3|0|102|102|102|0
16T1944|1|1|1|0|97|97|97|0
16T1945|2|2|2|0|99|99|99|0
16T1946|1|1|1|0|99|99|99|0
16T1947|1|1|1|0|189|189|189|0
16T1948|1|1|1|0|184|184|184|0
16T1949|2|2|2|0|91|91|91|0
16T1950|3|3|3|0|142|142|142|0
16T1951|3|3|3|0|\N|\N|\N|\N
16T1952|1|1|1|0|\N|\N|\N|\N
16T1953|2|2|2|0|\N|\N|\N|\N
16T1954|1|1|1|0|\N|\N|\N|\N
